7.472441305585879e-06	
1.392505055095151e-05	
2.070652639235428e-05	
2.602036511544643e-05	
3.169307369256028e-05	
3.831600391318404e-05	
4.427982076574203e-05	
5.050396740178053e-05	
5.697171887678397e-05	
6.377911972682699e-05	
7.002889769470456e-05	
7.501822971137994e-05	
8.173565649805656e-05	
8.605248231725547e-05	
9.259066262051883e-05	
9.798261184081133e-05	
0.0001028610322245328	
0.0001068759201749701	
0.0001151321922620324	
0.0001226396686757892	
0.0001272119389264735	
0.0001346427377344723	
0.0001396161800810483	
0.0001457312717401341	
0.0001523941587686079	
0.0001581843110879335	
0.0001656766666920285	
0.0001726178849910132	
0.0001782432511774246	
0.0001811124097250629	
0.0001870277473439465	
0.000193862548913145	
0.0002006988647940299	
0.000206245871914323	
0.0002138547892182906	
0.0002200298022569225	
0.0002263186082630877	
0.0002342634927835378	
0.0002408323565243437	
0.0002450080008394801	
0.0002507511892612891	
0.0002563462027955659	
0.0002619313642291415	
0.000267400060707219	
0.0002748418727981861	
0.0002817211434082726	
0.0002876319788344652	
0.0002951762586266668	
0.0003021024237258365	
0.0003062680213228294	
0.000309726554614594	
0.0003153498920392872	
0.0003179280232933609	
0.0003232860883956452	
0.0003291303339275929	
0.000334004533869557	
0.0003402628681493667	
0.0003454866520321333	
0.0003512721874771344	
0.0003579776238694408	
0.0003641650701082734	
0.0003676940743933535	
0.000372646136768207	
0.0003771707993817503	
0.0003826814096746666	
0.0003912689452974226	
0.0003984389603380093	
0.0004023244350982279	
0.0004080879946219275	
0.0004122871917804889	
0.0004169052155793608	
0.0004225910928502568	
0.0004267375362753424	
0.0004333458857314178	
0.0004395955825507164	
0.000445168585821081	
0.0004515004100498828	
0.0004560150778191837	
0.000462802925157677	
0.0004716793815923252	
0.0004772779130448364	
0.0004803447695267699	
0.000485693629825797	
0.0004897550572500793	
0.0004940209240997612	
0.0004984150714256427	
0.0005050488064958485	
0.0005109220505808586	
0.0005161795646297509	
0.0005206155792772226	
0.000528303036309923	
0.0005336773000265076	
0.0005378852790231511	
0.0005437922987505867	
0.0005493701859695675	
0.0005542909176942351	
0.0005607307473794977	
0.0005649502838774825	
0.0005686493525249023	
0.0005740814862731119	
0.0005780019051776916	
0.0005821476078811484	
0.0005879812204627066	
0.0005919385274028953	
0.0005968996671820579	
0.0006010290259455311	
0.0006053872558779984	
0.0006105827343729955	
0.0006122269082285985	
0.0006181766939174301	
0.0006249417936726487	
0.0006281497140215043	
0.0006331857902844508	
0.000638743585863736	
0.0006422143395127737	
0.0006459584859145223	
0.0006500521394563195	
0.0006546739870939806	
0.0006597891772375266	
0.0006632048496712644	
0.0006689250005082641	
0.0006744945792775947	
0.0006804897573996241	
0.0006839387276995671	
0.0006882288886608494	
0.0006905990074515692	
0.0006954970055911484	
0.0006998775431462539	
0.0007036009649346541	
0.0007093603390065477	
0.000713960417978408	
0.0007166235558223981	
0.0007225785926682246	
0.0007263435463816395	
0.0007310385967773886	
0.0007357103809861765	
0.0007395224204663867	
0.0007435013962299542	
0.0007505773301984993	
0.000754686346187761	
0.0007588967880882013	
0.0007634573858888552	
0.0007686336590258276	
0.000772474521172322	
0.0007743631001676304	
0.0007775710745200496	
0.0007827408737812579	
0.0007858943570964863	
0.0007912583469841203	
0.0007952389156287846	
0.0007987497482280324	
0.0008022293939648193	
0.000806424130653429	
0.0008116367922160434	
0.0008147126602714176	
0.000817820382985456	
0.0008199752049232989	
0.0008239614641175726	
0.0008285375065563336	
0.0008341465875455089	
0.0008393461074460686	
0.0008421803488194309	
0.0008440707222488688	
0.0008490466967730326	
0.0008548689094806768	
0.0008589998982456682	
0.0008623432608510469	
0.0008669575836529428	
0.0008720463930837914	
0.0008756593909443175	
0.0008796352375523318	
0.0008846342618920835	
0.0008878999391484591	
0.0008933407490262884	
0.0008971930599619346	
0.000900501052690543	
0.0009032650860689242	
0.0009075673081191835	
0.0009120810158324652	
0.0009133054022756506	
0.0009176786123746625	
0.000920547458985442	
0.0009238129142714837	
0.000927797953576863	
0.0009303726920355301	
0.0009332502879919598	
0.0009369192895167189	
0.0009405234160659179	
0.0009449653435464277	
0.0009489130641003548	
0.0009519042058732224	
0.0009553098612948114	
0.0009588253517087312	
0.0009624008960478568	
0.0009639465330401805	
0.0009676848255188039	
0.0009724963441358386	
0.0009766618478240295	
0.0009813322582091484	
0.0009873554263644714	
0.0009926001370185859	
0.000996327025871896	
0.001000920202529549	
0.001004613625480373	
0.001009014270722957	
0.001014326971799097	
0.001019072380336905	
0.001021145924977938	
0.001025864036887215	
0.00102887779860707	
0.001031811518240813	
0.001034717885424075	
0.001038892819558808	
0.001041127549653102	
0.001043476332238413	
0.00104791811894005	
0.001053507989194139	
0.001057066281820359	
0.001063008850029443	
0.001064997197988555	
0.001070303789662213	
0.001074270598067572	
0.001079903793792524	
0.001082741729834954	
0.001088293613348868	
0.001092277535514263	
0.001095389661728988	
0.001100853079209346	
0.001103651801887154	
0.001106731828629232	
0.001109958861326156	
0.001112301456937226	
0.001114544560561261	
0.001118051640660373	
0.001119719269462988	
0.001123610513999277	
0.00112571819733228	
0.001130363880740252	
0.001133482533099519	
0.001136638293688032	
