7.42902039490141e-06	-6.514748259987227e-06	-3.574669895999436e-06	-7.091831990467684e-07	-2.627980503673126e-07	-1.526310302427839e-06	
1.377066270564262e-05	-1.180119552370532e-05	-6.035858890231612e-06	-6.011347445337429e-07	-9.324943291107182e-07	-3.083821989477236e-06	
2.038139050034388e-05	-1.72337383369669e-05	-8.137970483766312e-06	1.098369574875288e-06	-5.790428196505522e-07	-3.301732139700288e-06	
2.547518847855656e-05	-2.100685730814295e-05	-9.190013005643605e-06	1.080704850377415e-06	2.926082038611401e-07	-4.651834431833273e-06	
3.088599330988045e-05	-2.498543709523014e-05	-9.588495222882337e-06	2.684769218391264e-06	8.231878041959994e-07	-6.970815951784127e-06	
3.720244387368667e-05	-2.954679309008758e-05	-1.122989189061855e-05	2.982099889978889e-06	1.689726138994229e-06	-6.127376711844625e-06	
4.281725947124552e-05	-3.329282499054946e-05	-1.218228181228499e-05	3.096195180295559e-06	2.952113746350944e-06	-5.823705191815198e-06	
4.865432085793428e-05	-3.706664020147261e-05	-1.357606342436819e-05	2.707298920525133e-06	4.051646811518179e-06	-4.252314089229059e-06	
5.469634576309198e-05	-4.097991506668236e-05	-1.348125127150136e-05	5.614715723621964e-06	3.931925987403358e-06	-5.603302393639659e-06	
6.104015650144278e-05	-4.476030741073685e-05	-1.510223378199398e-05	3.037719661404138e-06	4.025659151615584e-06	-5.54544334010148e-06	
6.679260158813537e-05	-4.789159169557566e-05	-1.575988873544332e-05	2.056452752768218e-06	2.964104756361474e-06	-5.603655773534955e-06	
7.126306855689192e-05	-4.996829804621508e-05	-1.510458271138195e-05	3.654643407190812e-06	4.884568208154543e-06	-4.918185767556932e-06	
7.743608520619776e-05	-5.326034023762643e-05	-1.606196695739711e-05	1.55982726923539e-06	4.234336540372335e-06	-5.473598720646013e-06	
8.119170987988097e-05	-5.442950236122939e-05	-1.58436164764487e-05	8.036050031115266e-07	7.439886083258246e-06	-2.454563588556307e-06	
8.714859001843235e-05	-5.750816745731289e-05	-1.629335048674766e-05	-9.009190373765258e-08	9.178254524280117e-06	-2.12030945997376e-06	
9.193893162470572e-05	-5.934485597503866e-05	-1.642587227365053e-05	-9.943589019460977e-07	9.301357940835439e-06	-5.061917828553659e-07	
9.620578253574888e-05	-6.066632593388568e-05	-1.572198788467843e-05	-5.028693454332925e-07	9.347050915245358e-06	1.395651479841052e-07	
9.960771516949213e-05	-6.129608749842169e-05	-1.371710156388005e-05	3.385766272663423e-06	9.081656006529556e-06	4.280962202458313e-07	
0.0001072289356659869	-6.573778492824496e-05	-1.493260667088418e-05	4.959002267690363e-06	1.136740256744633e-05	3.075937544004526e-06	
0.0001140641571534078	-6.91311915963426e-05	-1.44762351243674e-05	6.313790272159736e-06	9.691881600178123e-06	4.708240069378731e-07	
0.0001179522704321411	-6.966797353927014e-05	-1.342673805112249e-05	5.199524867070355e-06	8.394475934182704e-06	-7.773770315981304e-07	
0.0001246837331767683	-7.287872955654909e-05	-1.388816340999467e-05	5.564446964889848e-06	9.597343798843093e-06	4.426441205137502e-07	
0.0001289441377872996	-7.37115675297313e-05	-1.308763941164584e-05	5.444253947232001e-06	1.08798872036333e-05	1.571804406626664e-06	
0.0001343377427653614	-7.537404274918448e-05	-1.320976683184175e-05	3.570753745663117e-06	1.003862692130933e-05	1.160238147741079e-06	
0.0001402639434236285	-7.765365204971325e-05	-1.356185617850019e-05	4.266637555232793e-06	1.215667023485933e-05	4.207593489014961e-06	
0.0001453045880547197	-7.902064792037771e-05	-1.245006159063533e-05	5.569705201535108e-06	1.220717004964648e-05	3.773006005056767e-06	
0.0001520315248099038	-8.169495997995743e-05	-1.266687911561589e-05	5.145795844105281e-06	1.078562842549902e-05	3.218213974919271e-06	
0.0001581871348314318	-8.377469908139763e-05	-1.224784234028915e-05	3.373244117428434e-06	1.064331614725149e-05	4.29344406371141e-07	
0.0001630189126315822	-8.44283626396972e-05	-1.250461214969524e-05	6.467523957075053e-07	8.422106051320784e-06	1.115678133630286e-06	
0.0001651096980895838	-8.268511436236548e-05	-1.091920181288477e-05	-5.338109904082686e-07	6.68574392674419e-06	1.659654355227568e-06	
0.0001702554592643738	-8.384998335742785e-05	-9.985916519955345e-06	1.442427703867257e-06	4.127999828288217e-06	4.604785265636771e-07	
0.0001763111446320278	-8.56653818235923e-05	-9.791749429230946e-06	1.880195495639961e-06	3.774209413199099e-07	-1.331089267251995e-06	
0.0001823556419179687	-8.745181011685522e-05	-1.0140122324501e-05	1.663497473690123e-06	-9.347779783360213e-08	-5.201849290395196e-07	
0.000187104251748392	-8.797210245790902e-05	-1.034364160456374e-05	-3.56416403869402e-07	-5.456468883610729e-07	3.263285023466534e-07	
0.0001939027395466738	-9.043690461040453e-05	-1.031100109646623e-05	1.80455207539428e-06	-8.025031538212858e-07	9.278008852438638e-07	
0.0001992553039463207	-9.153279319001823e-05	-1.004857619423953e-05	2.602424938074911e-06	5.799454952475454e-07	2.208637989074598e-06	
0.0002047154096544259	-9.250275904321983e-05	-1.00277509215842e-05	1.366343985346116e-06	7.183696227003945e-07	2.422107691121151e-06	
0.0002118163584951786	-9.480427234638678e-05	-1.102672663395146e-05	-8.434701738889676e-07	-8.390811656729942e-07	1.524365331994702e-06	
0.0002175278219064743	-9.590353737946742e-05	-1.121827851904575e-05	-2.432425709862174e-06	1.451392767818099e-06	2.619918781962803e-06	
0.000220852121665986	-9.47270337391257e-05	-1.019969617663276e-05	-5.127055792963647e-06	2.191475161758474e-06	2.391579340298859e-06	
0.0002257534988437907	-9.507944754901403e-05	-9.409013439182319e-06	-3.284848126173235e-06	1.093394454241433e-06	3.194042446571873e-06	
0.0002305116961471391	-9.511342232649651e-05	-9.260024621561606e-06	-3.5725332217203e-06	-1.800170424513573e-06	3.778153350624245e-06	
0.0002352644543832117	-9.527507281959795e-05	-8.340338497568439e-06	-3.411782818048308e-06	-1.811993193468538e-06	2.46781288941527e-06	
0.0002399057721789541	-9.5213704725063e-05	-8.04726140633615e-06	-3.411259524831808e-06	-4.391829989990636e-06	2.655727671621438e-06	
0.0002465150600465751	-9.694620489152224e-05	-8.305696308169461e-06	-3.099458447200183e-06	-5.21642537316284e-06	2.286167223956623e-06	
0.0002525510879326286	-9.797997040230584e-05	-8.37377859111114e-06	-4.051960459955779e-06	-6.815919053821665e-06	9.129500775066719e-07	
0.0002576164768830175	-9.811869020103926e-05	-7.796644465642264e-06	-6.415884912029072e-06	-5.870529090155201e-06	-1.010998332512258e-06	
0.0002643080894020885	-9.971105982399611e-05	-8.508068046144686e-06	-6.871897057761693e-06	-6.816597255399334e-06	-6.542649607124526e-07	
0.0002703724383950252	-0.0001005367106446068	-9.248389119630896e-06	-8.988851946072506e-06	-8.205396320602486e-06	-3.246234527954581e-07	
0.0002736858519523189	-9.91745531490181e-05	-7.298405047889109e-06	-6.665392111915937e-06	-7.168154254370925e-06	-2.350118460707757e-07	
0.000276317607541194	-9.716765945942167e-05	-5.172409192456498e-06	-5.659142691665158e-06	-5.95926941381932e-06	-3.900478372925219e-07	
0.0002811291673567601	-9.71560274590047e-05	-4.146296472440485e-06	-3.798161200014089e-06	-6.147023768492574e-06	-1.031003190508203e-06	
0.00028291826696012	-9.431230470710613e-05	-1.792381269936605e-06	-3.478239563827255e-06	-7.655667275549208e-06	-3.177329206944319e-06	
0.0002875077040294824	-9.412244215514174e-05	-1.46866300961742e-06	-2.299060803144606e-06	-8.090224986182088e-06	-2.158964959758788e-06	
0.0002925862674491228	-9.445981736102341e-05	-1.449434051975581e-06	-1.036866664508422e-06	-5.925556506341353e-06	-3.039689487032575e-07	
0.0002967005920092837	-9.377982925995837e-05	-1.699206826793796e-06	-1.301904444619764e-06	-5.080887128122137e-06	2.58475319126983e-06	
0.0003022017654717424	-9.431449511192109e-05	-1.959231722315682e-06	-6.123113716204065e-07	-5.251099476183689e-06	3.610578376192244e-06	
0.0003066707791978897	-9.394771883578128e-05	-1.039433839289192e-06	-3.71643191272535e-07	-4.465395306577393e-06	2.112048756769415e-06	
0.0003117058169548644	-9.407577748081371e-05	-3.245202505047962e-07	1.649851553525016e-06	-5.492902216667001e-06	1.185063968598629e-06	
0.0003176583761200361	-9.490101937138051e-05	-8.337235387482689e-07	1.458118690981875e-06	-6.482372600525269e-06	9.685003979850923e-07	
0.0003230889901456361	-9.52824835373763e-05	-3.436880149682842e-07	2.450426565168361e-06	-6.800811908771671e-06	-5.049950368937513e-07	
0.0003258759098898969	-9.322616322089618e-05	1.198560730395085e-06	2.837010093686653e-06	-6.65313056330593e-06	-1.000090038502573e-06	
0.0003301032319607543	-9.247177168263021e-05	1.554090116213724e-06	1.580562440160608e-06	-5.548448298564701e-06	-1.371036729904288e-06	
0.0003339155498533949	-9.132815474978539e-05	1.571970845097061e-06	3.43342694974952e-07	-5.141821481255394e-06	-3.154682657509353e-07	
0.0003387216050358253	-9.113575982121979e-05	2.099429354781454e-06	6.04982021103442e-07	-5.249713670892896e-06	-1.974573664502019e-06	
0.000346591691553591	-9.363199574754159e-05	1.500286089211723e-06	2.317578529815852e-06	-6.522999808343147e-06	-3.746048363419684e-06	
0.0003530285457793086	-9.485021856933502e-05	1.10381719849375e-06	4.450310542711763e-06	-5.797736410650815e-06	-1.832703680981542e-06	
0.0003561906366820478	-9.283018209044994e-05	1.960828358891393e-06	3.113330115531592e-06	-6.664504925517041e-06	-2.004376939427067e-06	
0.0003612448209876327	-9.26360990372788e-05	2.144523434493005e-06	3.930545771469615e-06	-7.928722468990724e-06	-1.975568560150644e-06	
0.0003647483172479973	-9.09200944976665e-05	2.254170495544706e-06	1.45931453929753e-06	-8.352141393341585e-06	-2.10629120101261e-06	
0.000368687744647309	-8.983043552955164e-05	2.51696784387622e-06	1.993914430206412e-06	-6.446069135773685e-06	1.446848605671182e-07	
0.0003737027690457065	-8.977872282174684e-05	3.065585797507155e-06	4.840922126379424e-06	-6.04954152190979e-06	5.86225269614409e-07	
0.0003771904541701151	-8.811043609067127e-05	3.727716186975245e-06	2.79827112042483e-06	-5.95204344911249e-06	-1.114355513670776e-06	
0.0003831451206231685	-8.883204047826437e-05	3.286489734272266e-06	4.35316259537969e-06	-5.005312108057955e-06	3.346262325296776e-07	
0.0003887367764429382	-8.904263440561398e-05	3.363544281481794e-06	3.499352327761532e-06	-6.56253154723882e-06	-2.313627311320532e-06	
0.0003936555788162211	-8.863743082048545e-05	3.626849453397302e-06	3.96757619151502e-06	-6.989378505972471e-06	-2.239754663501127e-06	
0.0003993351021399941	-8.901664041128129e-05	4.017934515399966e-06	5.642169405728773e-06	-6.283295587605916e-06	-2.818373333056322e-06	
0.0004032064403624889	-8.757161455419896e-05	3.679555787693387e-06	3.849292712538514e-06	-5.543805801208901e-06	-9.492147768779683e-07	
0.0004093540554581683	-8.836732771698632e-05	3.454829287818679e-06	6.033772076291271e-06	-4.421289769422621e-06	2.637478857839728e-07	
0.000417572013212143	-9.093200142438217e-05	2.494304516453653e-06	8.26882645996242e-06	-3.958201308483472e-06	4.822708885709727e-07	
0.0004225057269417253	-9.027752661081597e-05	2.897097157745423e-06	8.658900766534816e-06	-4.562971973987138e-06	2.27287549872938e-07	
0.0004249317194992422	-8.726187369524821e-05	3.774847089630161e-06	5.864013605562082e-06	-5.103428564906426e-06	-9.554504174131573e-08	
0.0004296592680873643	-8.651736817208859e-05	4.294918919127992e-06	4.890661248054163e-06	-3.920312945187189e-06	-1.717645918057163e-06	
0.0004331152038349965	-8.46311147721244e-05	5.466678922551884e-06	4.596385935208092e-06	-3.275370045848769e-06	-3.049848938783856e-06	
0.000436796544867039	-8.297944258197584e-05	6.491150281182947e-06	5.31233704340347e-06	-4.272399551102281e-06	-3.994432425981893e-06	
0.0004406249892757667	-8.148569146702307e-05	7.566216662329229e-06	5.600723220857543e-06	-4.713339391383631e-06	-5.99047175139711e-06	
0.0004466979317068478	-8.191068181708882e-05	6.137151644639282e-06	3.825502503791553e-06	-5.804696648240331e-06	-5.34812239156765e-06	
0.0004520093121658997	-8.184642931992152e-05	6.096119844679433e-06	5.153001039149291e-06	-3.630704923221803e-06	-3.711937242975921e-06	
0.0004567099194791721	-8.099401530018799e-05	5.786230032029146e-06	2.624602122934687e-06	-3.27755707843231e-06	-4.374666011851068e-06	
0.000460603388752643	-7.938456983236403e-05	5.729293395100214e-06	1.850423777152628e-06	-4.207431230770006e-06	-3.025222480139388e-06	
0.0004677472825393854	-8.07823442763089e-05	4.280563538230854e-06	8.900307108965578e-07	-4.202041811085687e-06	-2.691359095086292e-06	
0.0004725754135539343	-8.004414676988307e-05	3.812628038879715e-06	-9.770299903129252e-07	-1.330316492359337e-06	-9.312013326939841e-07	
0.0004762513039299224	-7.835273213731662e-05	4.900227288111314e-06	7.263584815136982e-07	-7.68910776101016e-07	-7.120826300199969e-07	
0.000481636242697899	-7.822321799832061e-05	5.202792421700755e-06	1.727435872441889e-06	7.261713560021168e-07	-1.288393075924626e-06	
0.0004866967401302965	-7.764508565567788e-05	4.697405006162419e-06	7.539829145486959e-07	1.313931754919719e-06	1.230890414078059e-07	
0.0004911106527853679	-7.64327219725784e-05	4.716277474585734e-06	7.102265664648868e-07	-6.702674374434657e-07	3.423424922359328e-07	
0.0004970505344921218	-7.64292419059921e-05	3.105324984900425e-06	-1.214581295760238e-06	-2.258389208674624e-06	2.541789200697625e-06	
0.000500782185730019	-7.455145854738502e-05	3.757104765708525e-06	-2.024083983075185e-06	-1.74906119185275e-06	2.775283107245962e-06	
0.0005040164183790727	-7.239015191164677e-05	5.432320484545376e-06	-8.988380079511897e-07	-1.700414855701405e-06	7.164886540050102e-07	
0.0005089987582515053	-7.179019001656001e-05	5.19512744509691e-06	-1.187266333679456e-06	-1.1239095060752e-06	1.236976636858661e-06	
0.0005124839005451495	-6.99276748388403e-05	6.123483470335934e-06	-3.691917123380524e-07	-6.206852508862451e-07	1.026387694039842e-06	
0.0005162145160143719	-6.819726506869663e-05	6.284394403910137e-06	-9.409553767130285e-07	-7.934178638770004e-07	1.620888131381099e-06	
0.0005216415603878478	-6.799170023346187e-05	5.418269931167013e-06	-1.913111487717649e-06	-1.0772075735231e-06	1.893786123043706e-06	
0.0005252046798592099	-6.610337157412183e-05	5.033056239275705e-06	-2.409872888676426e-06	-1.615666041065504e-07	5.013869700530512e-06	
0.0005297856488656669	-6.513953356797394e-05	4.78106970972931e-06	-2.494712674131636e-06	-7.403635486786432e-08	5.744564906902784e-06	
0.000533549270365365	-6.349462257572383e-05	4.965101917535726e-06	-2.240640594450651e-06	-2.634999887459152e-07	6.456590081524413e-06	
0.0005375573312115667	-6.211365411039559e-05	5.033836898193325e-06	-2.516253150790589e-06	8.539355081104523e-07	6.636499817314352e-06	
0.0005424115221108086	-6.147993450147985e-05	5.077000681058882e-06	-1.778737996913185e-06	1.851630307036604e-07	5.760726089889048e-06	
0.0005437413214985719	-5.776782704656512e-05	7.373034813832817e-06	7.451982155855045e-07	1.89909496618394e-07	5.104603457167475e-06	
0.0005493936944152273	-5.792482725892883e-05	6.773894748835426e-06	1.296885466293055e-06	2.654580061825765e-07	4.962899747327198e-06	
0.0005558541588001935	-5.873760096383066e-05	5.669889206855949e-06	2.018854620129088e-06	-2.359654213010243e-07	5.663771502257246e-06	
0.0005587677306273211	-5.636864385441417e-05	6.79898032532771e-06	3.096980538590505e-06	-7.634741130538841e-07	4.972734182864794e-06	
0.0005635241650534126	-5.587294273534854e-05	7.42618530913002e-06	6.343155526904367e-06	1.272147842530715e-06	4.993225516503708e-06	
0.0005688051885504553	-5.554984882670406e-05	6.986170932974369e-06	5.735078505128139e-06	3.823325671900319e-07	4.041859805815463e-06	
0.0005720125193987223	-5.349163447051671e-05	8.154139852911433e-06	7.06694249259095e-06	6.726275276780005e-07	2.903443708636999e-06	
0.0005755136923728496	-5.168945683534734e-05	9.639962843246158e-06	8.342310807708203e-06	7.161947014633902e-07	1.783110857728076e-07	
0.0005793816202256696	-5.008099302255312e-05	9.117637497902968e-06	5.688866654504648e-06	1.024527845062009e-06	2.547664605700806e-07	
0.0005837885869595358	-4.907986358995518e-05	9.642152005772124e-06	6.256995445571413e-06	-1.500545651105039e-07	-2.171858508832605e-06	
0.0005886956991788554	-4.848340651031971e-05	8.544938483002092e-06	4.101842996742304e-06	7.3162928881796e-07	-1.269883752432894e-06	
0.0005919158478347859	-4.658821222652924e-05	9.250656274005013e-06	5.205185604684925e-06	4.116900024770817e-06	2.487548574155019e-07	
0.0005974468776919752	-4.6646992274613e-05	9.360833613209703e-06	7.167635019222129e-06	3.892105168714956e-06	-1.198460220006049e-06	
0.000602826332339034	-4.65114824055904e-05	8.999088492610397e-06	7.005831022011712e-06	5.215591927238747e-06	-1.488221787104292e-06	
0.0006086288036236914	-4.670182875345377e-05	8.240613347426163e-06	7.591355251511722e-06	5.366660969187387e-06	-6.614737873454562e-07	
0.0006118965583957191	-4.434876029918203e-05	8.598364880221128e-06	4.650836837060637e-06	3.496947748598259e-06	-2.584748268180164e-06	
0.000616023073205228	-4.30124764091759e-05	8.575360295980406e-06	3.099397502163645e-06	4.894532352027174e-06	-3.025931067009517e-06	
0.0006182529836760849	-3.997377916759936e-05	8.70354106146521e-06	1.530434922546006e-06	7.063637629382302e-06	-2.263952650093679e-07	
0.0006230267878779801	-3.937440064822187e-05	8.876125684922276e-06	3.280415269163748e-06	6.877889121511715e-06	-4.21377618580818e-07	
0.0006272917489237861	-3.810479226816589e-05	8.81947253585788e-06	1.255425107136424e-06	6.510060431311223e-06	-2.062594403454423e-06	
0.0006309142491921087	-3.633256163804045e-05	9.26298445016359e-06	8.240998067649918e-07	5.975046377017841e-06	-3.159996739780809e-06	
0.0006365780458329072	-3.650605131359473e-05	8.743594377802974e-06	9.618665945401228e-07	6.600140394767718e-06	-3.577209759254796e-06	
0.0006410854256942565	-3.545252780494759e-05	8.116690382403062e-06	-1.589885347414711e-06	7.86545950995044e-06	-3.091654330701339e-06	
0.0006436749843110035	-3.294385482124712e-05	9.814935665732266e-06	1.029391486235797e-06	9.256774419982506e-06	-2.958784835376797e-06	
0.0006495658056781714	-3.307578145874157e-05	8.409735792677956e-06	-7.493852064593687e-07	6.318560689971524e-06	-3.683848407053077e-06	
0.0006532741774250037	-3.1356059469763e-05	9.246055844267354e-06	-8.25584895834202e-07	5.005286509134093e-06	-6.17034593482046e-06	
0.0006579253996827791	-3.044977247524573e-05	7.938267371259873e-06	-2.274366228689062e-06	5.269312272655445e-06	-3.382719905485338e-06	
0.0006625597936093951	-2.957885436108898e-05	6.5438522410787e-06	-4.634807242831308e-06	7.303268043751701e-06	-4.602098674198857e-07	
0.0006663443856471507	-2.819283759585727e-05	7.356059673305463e-06	-2.030610319320646e-06	9.259675557488131e-06	3.865112301157371e-07	
0.0006703096008246945	-2.667052738980679e-05	7.475294049964536e-06	-3.126882176036212e-06	7.723264924590222e-06	-1.351213009884132e-06	
0.000677367959645879	-2.775009449895824e-05	5.112575263477677e-06	-7.523222418408296e-06	5.294613170288529e-06	-2.846996627790569e-06	
0.0006814586610063844	-2.630820018513461e-05	5.741296741575185e-06	-8.453423345791471e-06	5.315113065879053e-06	-5.565156108567155e-06	
0.0006856636825774155	-2.498080217749889e-05	5.620090440587403e-06	-9.700586208808387e-06	6.478316207437209e-06	-5.200426453081715e-06	
0.0006902285788963196	-2.396646806709255e-05	5.56571647126877e-06	-9.967998456682917e-06	5.549147218607248e-06	-5.929732488186359e-06	
0.0006954146077611167	-2.356582413055196e-05	4.494277305512558e-06	-1.103090212698899e-05	7.059610953499616e-06	-3.788842333151955e-06	
0.0006992742972709885	-2.178652766594058e-05	4.208803404009059e-06	-1.374694864115279e-05	6.448345213136701e-06	-4.21208215727973e-06	
0.0007012092392833312	-1.841896814290779e-05	5.351268382431114e-06	-1.359488737144482e-05	4.706823872739962e-06	-4.504179920082449e-06	
0.0007044917248157374	-1.640802908728369e-05	5.689455346421777e-06	-1.313875738938369e-05	5.586717906406881e-06	-3.319098416338754e-06	
0.0007097440729043823	-1.626300022519206e-05	5.270424163973818e-06	-1.255999789282039e-05	7.037657064780374e-06	-2.806787166650639e-06	
0.000712990579622988	-1.41717434971784e-05	5.398378206294572e-06	-1.32043518473079e-05	6.751327186661715e-06	-2.755880394782264e-06	
0.0007184547120307498	-1.392147159907439e-05	3.718632241819116e-06	-1.694298251576458e-05	5.397701003301486e-06	-3.226604784786886e-06	
0.0007225412496347486	-1.255536544584336e-05	3.298686723647603e-06	-1.694954372302528e-05	4.689527361960372e-06	-2.221092748232424e-06	
0.0007261725038975325	-1.073225106612422e-05	3.275478752888475e-06	-1.834267512288048e-05	3.609849174244656e-06	-3.282643304433263e-06	
0.0007297887635105676	-9.100087728501768e-06	3.873024356618792e-06	-1.706796426596086e-05	4.511073868596694e-06	-3.524961420636804e-06	
0.0007341321335907945	-8.195049859164391e-06	4.423608934087645e-06	-1.2993383203313e-05	3.374329158364094e-06	-3.258373178986507e-06	
0.000739496584191885	-8.090671414408206e-06	3.600732820010877e-06	-1.279140031632185e-05	2.602474721873195e-06	-3.375336523576383e-06	
0.0007427343264047914	-5.953885888983939e-06	3.964366087134264e-06	-1.331778880246327e-05	9.308373046095227e-07	-4.931613567327627e-06	
0.000746024246025996	-3.900003413631712e-06	3.423523710326907e-06	-1.467116346123157e-05	7.727445980241309e-07	-3.394799306612137e-06	
0.0007483847289769136	-1.194751143688597e-06	4.064017040227634e-06	-1.443046221514828e-05	1.83143492877435e-06	-2.614774488326919e-06	
0.000752593411168357	-1.372327624623168e-07	2.626264215806841e-06	-1.439326720063732e-05	3.20763212345745e-06	1.73700681575223e-06	
0.0007573960803758924	2.311345980076131e-07	3.297110288119185e-06	-8.566861112690084e-06	7.679881579050193e-07	1.147449037250586e-06	
0.0007632303513525246	-3.172075093098383e-08	1.812960360194507e-06	-9.029730185770083e-06	-1.318971306103486e-06	1.31357001741892e-06	
0.0007686503659352542	-1.110074658797556e-08	5.530592415440569e-07	-8.117341970171229e-06	-1.739399391444164e-06	3.021797854799326e-06	
0.0007717159540065764	2.305283093376036e-06	6.254898349144719e-07	-9.080764210573427e-06	-2.318817721321735e-06	3.21031959722118e-06	
0.0007738647566501917	5.256794267694328e-06	1.444338793150078e-06	-7.986120154288599e-06	-2.364295153137039e-06	4.140640927976522e-06	
0.0007791104931654767	5.266284714091213e-06	1.179121235172108e-06	-5.605928236610954e-06	-1.440970793637287e-06	4.190650473034756e-06	
0.0007851954169093531	4.657951654519489e-06	2.36225926557088e-07	-2.841021081930335e-06	-2.602932322762173e-06	4.948561797835245e-06	
0.0007895893393184824	5.704484827430473e-06	-8.161422164443319e-07	-4.65832275744637e-06	-1.04829820727746e-06	6.718155545649897e-06	
0.000793205910335624	7.298244267703402e-06	-1.447229585684699e-07	-3.272183928263599e-06	2.194123561436265e-07	6.281220046654125e-06	
0.0007981011819647378	7.969269888799927e-06	-9.709666554267087e-07	-5.036531789764874e-06	-5.903888011507695e-07	5.750071708642644e-06	
0.0008034710099541295	8.275787430648438e-06	-3.132956417933073e-06	-8.870926558060559e-06	7.746489707950347e-07	8.155191070837956e-06	
0.0008073700549928074	9.773009381813404e-06	-2.608378436572682e-06	-7.780131119928319e-06	-9.221789116090501e-07	6.554799163906373e-06	
0.0008116446545198986	1.096245501111463e-05	-3.074579099279231e-06	-7.463204207292041e-06	-1.374713627923384e-06	7.996114779936738e-06	
0.0008169461154492281	1.113831068409521e-05	-2.635284820444781e-06	-4.775083043898451e-06	-2.555423221161909e-06	6.071408302836205e-06	
0.0008205239041822897	1.276187189460283e-05	-1.373637810696459e-06	-2.150614327073454e-06	-3.665930256543151e-07	5.71152445016954e-06	
0.0008262795745436801	1.267397062077305e-05	-2.322542213157601e-06	-4.03955421760731e-06	-5.444155174197978e-07	4.034440137278683e-06	
0.0008304504066510778	1.401192444069376e-05	-2.875334178311102e-06	-4.793015620820672e-06	1.540581650520599e-07	5.609501044972193e-06	
0.0008340913450467414	1.578094598669759e-05	-2.651991364392702e-06	-3.372791437204531e-06	3.852778756707938e-07	7.121406133795433e-06	
0.0008372076301234386	1.806172127392638e-05	-2.423713777556487e-06	-4.795934853490647e-06	5.462173447813085e-07	6.730805886791315e-06	
0.0008418737857966465	1.883917317629445e-05	-2.254414611332597e-06	-3.908233349432798e-06	6.786879597300751e-07	5.703815848021401e-06	
0.0008467554983416174	1.927514333066988e-05	-1.561534916189847e-06	3.060552321749144e-07	8.968099449785136e-07	5.380070558024218e-06	
0.0008483707107676176	2.267925722219163e-05	6.387115530415848e-07	3.752185488329521e-06	1.466323577843958e-06	5.276216459342263e-06	
0.0008531518174913926	2.327123777022435e-05	7.702303534044998e-07	3.471379497004449e-06	1.917938982235261e-06	2.971539119696255e-06	
0.0008564404661951771	2.52563365956286e-05	6.530416719767631e-07	4.631514123003119e-06	1.056151270536008e-06	4.777877772785415e-06	
0.0008601416478026678	2.683109919919829e-05	9.439066174267887e-07	5.321624194567589e-06	5.005591567291373e-07	4.158279965558748e-06	
0.0008645724536804	2.769405111681775e-05	1.229428606089688e-06	7.837891374180398e-06	-8.047575093459177e-07	3.721097255822565e-06	
0.0008676079979725545	2.980140855878854e-05	2.401743321897575e-06	1.006786777054249e-05	-6.833895676847665e-07	2.765665146638724e-06	
0.0008709644963905401	3.162552432579472e-05	2.616747147840008e-06	9.775385451785514e-06	5.484332161420208e-07	2.643857036032738e-06	
0.0008751229947466945	3.272953564433955e-05	2.148043205863294e-06	9.201507483633677e-06	1.587000746670719e-06	3.164599300255506e-06	
0.0008792241153164159	3.378575078933659e-05	2.309633847334618e-06	1.146564354194682e-05	2.636422196572007e-06	4.004119037919103e-06	
0.0008841657405956854	3.419255130901528e-05	1.580734789234749e-06	1.085230331338127e-05	3.323401911628471e-06	3.703591354137289e-06	
0.0008886150936422427	3.496436378448243e-05	1.312378924753933e-06	1.156108136540428e-05	5.394613590733912e-06	4.856260685521306e-06	
0.0008921173853126651	3.681583004342608e-05	1.735529359799047e-06	9.932464358125872e-06	4.022337316029602e-06	2.033648597434081e-06	
0.0008960478511613215	3.81182855529625e-05	2.813780159693538e-06	1.215237961367485e-05	2.868285665730725e-06	-2.44837220615381e-08	
0.0009000987331080006	3.928266722023175e-05	3.153834598025635e-06	1.26507267646801e-05	4.080946429527779e-06	-9.386402217770704e-07	
0.0009042176697105417	4.050041653572447e-05	2.88341358167157e-06	1.109676110000675e-05	3.654960833793597e-06	-2.034235239627795e-06	
0.0009063253574752006	4.34328326130861e-05	3.791576625737143e-06	8.822442996679836e-06	6.022427985149827e-06	-3.465660085400657e-06	
0.0009106392756852012	4.428485327350348e-05	3.273756316390126e-06	8.298465322657448e-06	7.237097056992428e-06	-3.044409973471339e-06	
0.0009160245167122526	4.43461823564717e-05	1.516912888992269e-06	5.230070347480864e-06	8.710208818929213e-06	-1.805936599614663e-06	
0.0009207616603864028	4.499631559674125e-05	7.933679424286078e-07	4.295569328787662e-06	8.660003623229892e-06	-1.278427048642696e-06	
0.0009260039168873077	4.524398575821774e-05	-2.602082399647867e-07	4.122761489076607e-06	6.983936601880345e-06	-4.047796995563381e-07	
0.0009325898653154319	4.446808019479341e-05	-2.044364968897946e-06	1.972919611004941e-06	4.067332981268502e-06	-1.622407108070638e-06	
0.0009383882101301767	4.435543076815334e-05	-2.851114619946226e-06	1.842727394348516e-06	1.115706216472308e-06	-2.658199467172996e-06	
0.0009426730546265692	4.561038719098119e-05	-2.995070628827486e-06	1.504447757247108e-06	5.482546445879982e-07	-2.332731860884393e-06	
0.0009478287021396181	4.616527606953963e-05	-4.223541069561386e-06	-1.44064815587405e-06	-9.806743114398568e-08	-2.509655843764564e-06	
0.000952090609134434	4.735570811767175e-05	-3.461023352238821e-06	8.788943758413058e-07	-5.868855362484922e-07	-2.958903862726156e-06	
0.0009570667854147977	4.778043396262875e-05	-3.459644876355977e-06	4.255426426718249e-06	1.233544851921398e-07	-1.011610044294978e-06	
0.0009629526116319537	4.775051843960168e-05	-4.869384312209825e-06	2.305094719086304e-06	-1.764878718300233e-06	-1.293768534602907e-06	
0.0009682688751333387	4.810207438746312e-05	-5.216706574188865e-06	3.016530815417846e-06	-2.28124742412291e-06	-1.230703426175643e-06	
0.0009709288444009462	5.092001233793151e-05	-4.613164273740525e-06	1.226877230465993e-06	-1.716845239332688e-06	-1.39857723063422e-06	
0.0009762452061419536	5.121647762490261e-05	-5.113878959653719e-06	2.507902729873582e-06	-2.008078658742949e-06	-1.188660164353251e-07	
0.0009798668906920642	5.314160121422951e-05	-4.414071760702938e-06	2.071582439743574e-06	-2.23713018001917e-06	-1.499558556818385e-06	
0.0009834258973794531	5.500515419935407e-05	-4.100044276603069e-06	2.185594108918547e-06	-1.455169290485088e-06	-1.035511171840867e-06	
0.0009869733298198851	5.68749132160164e-05	-3.515720839937141e-06	1.589954123994048e-06	-3.105382672015046e-07	-2.252079087644431e-06	
0.0009917979770459706	5.750600598666729e-05	-3.257558815524813e-06	3.798471675710466e-06	-1.147006171672999e-06	-2.899794835070856e-06	
0.0009946975845549254	5.98950574136995e-05	-2.444285279704311e-06	4.495530935703914e-06	-4.172133278375101e-07	-2.61015365883769e-06	
0.0009977335681702066	6.220074879165153e-05	-2.373360892495029e-06	4.035986218949468e-06	-2.123712245078273e-07	-1.205660889554168e-06	
0.001002871619618919	6.237729220089064e-05	-2.725069232510925e-06	7.578360625462153e-06	9.883306073027951e-07	1.566193800895446e-06	
0.001009149769030545	6.182899151672089e-05	-3.789635732986702e-06	6.799739751279034e-06	-1.525322759425462e-06	-5.279593479713872e-07	
0.001013397030125417	6.30922314352617e-05	-3.944267323255982e-06	6.621307781445113e-06	-1.93170736538076e-06	-5.692365111320628e-07	
0.001020024063437858	6.211932999066106e-05	-5.256199099945379e-06	7.652004771700376e-06	-2.29703225648943e-07	1.155217304420882e-06	
0.001022704682252237	6.494000569686224e-05	-4.736592102819053e-06	6.437083853021689e-06	-8.643573655533469e-07	1.058473252938158e-06	
0.001028709985662224	6.455611672926598e-05	-4.572457934094841e-06	7.752447576689552e-06	-5.985965899484699e-07	-1.326387259188484e-06	
0.001033375131888694	6.564609845979509e-05	-5.315920944294227e-06	5.562891571657647e-06	-1.865654125023333e-06	-2.181853356209854e-06	
0.001039703059228979	6.513763462707949e-05	-6.426891858793015e-06	4.91354386016421e-06	-1.385786079585366e-06	-2.073198299904164e-06	
0.001043241411296075	6.716305572422469e-05	-6.190600850953917e-06	4.583028312398884e-06	-7.487747522042992e-07	-1.01812056399065e-06	
0.001049496649383775	6.68198709993811e-05	-7.359337582526887e-06	3.837664124381534e-06	-1.598414387101247e-06	-7.16225133628775e-07	
0.001054183887331487	6.787604870727272e-05	-7.370268899200945e-06	3.298246743342753e-06	-2.004998532613589e-06	-1.649750082845646e-06	
0.001058011476770347	6.96941745147056e-05	-7.32759607506421e-06	2.265180310143724e-06	-8.014069842897636e-07	-9.171640968941531e-07	
0.001064192763452807	6.945990188760456e-05	-9.080776851070717e-06	1.301162148962516e-06	-1.255260802187563e-06	1.510760723918027e-06	
0.001067717535979515	7.185545437918258e-05	-9.426117020571592e-06	-2.012970808207523e-06	-3.854552066547586e-06	1.016350019322387e-06	
0.001071542442139977	7.382687676686025e-05	-9.564870272837458e-06	-3.655245428768347e-06	-5.996745602597656e-06	2.558389879826734e-07	
0.001075529921554015	7.54472159756787e-05	-9.887520929858058e-06	-3.250677162109328e-06	-6.659290613069171e-06	1.732051274752402e-06	
0.001078650940413062	7.779017492795264e-05	-9.093516083139659e-06	-2.86964267145051e-06	-6.934851411726892e-06	9.80311059902018e-07	
0.001081694441025132	8.018810424082338e-05	-8.789319819478587e-06	-3.252075630308949e-06	-6.484507982046475e-06	1.480689141979374e-06	
0.001086015871122539	8.158065653145381e-05	-9.691095013852101e-06	-6.236050075700233e-06	-7.987322198674179e-06	9.754143151276438e-07	
0.001088517035388241	8.434841367244059e-05	-7.952908301191287e-06	-3.197356965779859e-06	-9.245834492498195e-06	-4.681366466660127e-07	
0.001093255508811613	8.502026755558981e-05	-7.470939685911277e-06	-1.211873954073782e-06	-1.020963967473738e-05	-2.952606299105284e-06	
0.001096223546461106	8.739149696914082e-05	-7.123513671261561e-06	-2.080274848881156e-06	-9.171909657279384e-06	-3.230782283343245e-06	
0.0011017348867921	8.748172893079291e-05	-7.269158000612349e-06	-7.953496444002922e-07	-1.146750229187669e-05	-5.834797032561808e-06	
0.001105723528102397	8.880407738295931e-05	-5.82704317024611e-06	2.242301588764731e-06	-1.142914399280701e-05	-8.640659613668441e-06	
0.001109760182361134	9.029039323133387e-05	-6.286909658307927e-06	1.548164354654093e-06	-1.253059369073413e-05	-8.857028922530784e-06	
