7.42511322148164e-06	-6.492043231793778e-06	-3.510684870066153e-06	-7.160330775543413e-07	-2.851166031044589e-07	-1.514586585361215e-06	-2.282748753708768e-06	-5.860277343585094e-07	9.090354081560839e-07	
1.375763389062597e-05	-1.173220882956329e-05	-5.784843761638494e-06	-6.40829761691438e-07	-1.001387376983627e-06	-3.035225576472186e-06	-3.954942425454515e-06	-6.545129256964937e-07	1.435221064676411e-06	
2.035650632977909e-05	-1.710566031069404e-05	-7.62302822429508e-06	1.003127456494161e-06	-7.012118593909685e-07	-3.200429494526422e-06	-5.142560082211103e-06	-4.485148158150605e-07	2.188901180600482e-06	
2.543806811645066e-05	-2.082374869823411e-05	-8.389863920745776e-06	9.130439565343932e-07	1.221418635655887e-07	-4.497299248205399e-06	-5.308086841100102e-06	-2.772596527469285e-07	1.632544427391363e-06	
3.083902004626533e-05	-2.475398509324358e-05	-8.532766561341779e-06	2.423945482870924e-06	6.169493071212824e-07	-6.777696253547603e-06	-5.598954008341202e-06	9.041399756115184e-07	1.591567937440023e-06	
3.714518412297926e-05	-2.927161885985938e-05	-9.923331047777968e-06	2.617231724069962e-06	1.451207910557081e-06	-5.903741349536972e-06	-6.127974219654714e-06	1.807734367776458e-07	1.270962696148654e-06	
4.275111975086518e-05	-3.298156742471445e-05	-1.064022976847951e-05	2.634612768465201e-06	2.673794483550287e-06	-5.581824370680418e-06	-5.97647924673392e-06	-9.818084885714039e-08	6.099401584740174e-07	
4.858112020379963e-05	-3.672924110323391e-05	-1.183436484412583e-05	2.167645967294575e-06	3.729344333924963e-06	-4.00687216555598e-06	-5.757966604174454e-06	-9.48619083443354e-07	2.823905232834631e-07	
5.461803653377415e-05	-4.06178989184531e-05	-1.156130953207969e-05	4.994878041331412e-06	3.5679551168636e-06	-5.362671558009156e-06	-6.240579545472278e-06	9.233706823752606e-08	2.913223209678003e-07	
6.095691871231803e-05	-4.438275374122801e-05	-1.301432239911655e-05	2.335499725967478e-06	3.629438240670812e-06	-5.312597609850017e-06	-5.799389745153451e-06	-6.296007088760972e-07	5.731011420252139e-08	
6.67055772468596e-05	-4.75023625391782e-05	-1.352776570516612e-05	1.291000114180027e-06	2.52885455688792e-06	-5.387127710163614e-06	-6.041218251865195e-06	-1.066481703442307e-06	-2.348806656490914e-07	
7.117500173251819e-05	-4.958158382196677e-05	-1.277293378405374e-05	2.824131763945386e-06	4.416454638022098e-06	-4.733953821318238e-06	-5.036941633279656e-06	-5.095030666514752e-07	-1.370555729222736e-06	
7.734925895112116e-05	-5.288497490150426e-05	-1.368786009719666e-05	6.786944544003086e-07	3.741966569285006e-06	-5.334916500958913e-06	-4.754066451708852e-06	-9.47683451055246e-07	-1.006016303762453e-06	
8.110849043593619e-05	-5.408546289652366e-05	-1.348207953044951e-05	-9.990829371722744e-08	6.927799021029553e-06	-2.372655021985295e-06	-2.991849118945859e-06	-1.72832318135828e-06	-2.569176750794198e-06	
8.707348888697356e-05	-5.720779313615603e-05	-1.403542352121483e-05	-9.807800778758266e-07	8.651799514856037e-06	-2.114321445672321e-06	-2.032045611583067e-06	-1.69533899996155e-06	-2.296395140294195e-06	
9.187229030907225e-05	-5.909192929999108e-05	-1.429623608877241e-05	-1.849243623498557e-06	8.765429068698206e-06	-5.727506144629459e-07	-1.543915929937016e-06	-2.263301058314447e-06	-2.376098657344668e-06	
9.614853108200197e-05	-6.046262603805605e-05	-1.374424828308436e-05	-1.319605174992752e-06	8.80161283108041e-06	-3.586080444665644e-09	-1.096259382273925e-06	-1.669226637788055e-06	-2.993855615636897e-06	
9.956090490008676e-05	-6.1142093530302e-05	-1.192610059792465e-05	2.57066823491432e-06	8.536097014055241e-06	1.94753434080445e-07	-1.059408228987679e-06	5.276145491586313e-08	-3.866431059690844e-06	
0.000107190757111492	-6.562768762768323e-05	-1.331616534871352e-05	4.138365086051655e-06	1.08261641709408e-05	2.760937664881175e-06	-9.762325289627585e-07	-7.748713725751473e-07	-2.753875731110126e-06	
0.0001140322491622739	-6.904827540517267e-05	-1.297898397522654e-05	5.492201569923378e-06	9.153194920817836e-06	1.021278883191412e-07	-1.825167562399102e-06	-1.056592124978263e-08	-1.812293167689013e-06	
0.0001179253951987679	-6.96125763714476e-05	-1.201941263862357e-05	4.362664849260594e-06	7.874251314201078e-06	-1.181946717591177e-06	-1.04183522775446e-06	4.578594803858517e-07	-1.686502469662887e-06	
0.0001246619463555868	-7.285218289366625e-05	-1.258410386143672e-05	4.727376720196775e-06	9.103700492749818e-06	8.110903091372929e-09	-7.65984315902937e-07	5.757916176574405e-08	-1.187517756376486e-06	
0.0001289284669356301	-7.372209864817228e-05	-1.190831784125122e-05	4.624255876599815e-06	1.041777269047762e-05	1.108482787741565e-06	3.726538331679365e-07	-2.439417363303771e-08	-1.786256484619083e-06	
0.0001343298100889798	-7.542525121424566e-05	-1.219464576316749e-05	2.786484467695406e-06	9.612931353582232e-06	6.640128641560615e-07	8.911765383681662e-07	-5.794432104350163e-08	-1.383595902712143e-06	
0.0001402637494564523	-7.77483768901301e-05	-1.271992343483789e-05	3.537334714061589e-06	1.17707231286503e-05	3.685040865300644e-06	1.674920668467813e-06	-5.298040314411894e-07	-1.361681781266562e-06	
0.0001453129314348476	-7.915755400845378e-05	-1.179681961979124e-05	4.903384872214926e-06	1.186481539598439e-05	3.22673352331686e-06	1.959765046358016e-06	1.081886109610092e-07	-1.135628989956718e-06	
0.0001520457927418083	-8.186214096998774e-05	-1.21697982268747e-05	4.53837348295395e-06	1.048219141930382e-05	2.660422201946497e-06	1.267961139768993e-06	-2.838835539218048e-07	-5.267116699570766e-07	
0.0001582067415244309	-8.396791221392956e-05	-1.187198348304783e-05	2.822537663072648e-06	1.038635829828612e-05	-1.206805754865524e-07	1.956085684342503e-06	4.827208543238698e-07	2.505710873845343e-07	
0.0001630432139367258	-8.464886297943479e-05	-1.225104177066263e-05	1.650958747485546e-07	8.224159940553705e-06	5.847652882734882e-07	2.302940597033024e-06	-1.426395305102852e-09	7.377524230136759e-07	
0.0001651396752862187	-8.293845233925451e-05	-1.0805370147919e-05	-9.361359799691027e-07	6.550631829814095e-06	1.147517051366956e-06	3.19323031245208e-06	2.545890402893345e-07	2.593955979862727e-07	
0.0001702910488475715	-8.412627832659799e-05	-1.001661401664464e-05	1.100226386489691e-06	4.058370512891521e-06	-3.510051882386264e-08	2.289082625141955e-06	1.471695279797009e-06	8.959444496924313e-07	
0.0001763476697636663	-8.594348613471578e-05	-9.882209084548253e-06	1.560041634813741e-06	3.701596750665856e-07	-1.788198073633457e-06	8.534808798225225e-07	1.833161747018727e-06	1.855412328237345e-06	
0.0001823895298104264	-8.772258953816115e-05	-1.021969874040498e-05	1.348836268792053e-06	-4.904476465771397e-08	-9.236249491845045e-07	5.704118159517987e-07	1.346464908605343e-06	1.685134679125904e-06	
0.0001871362449458039	-8.823978100434971e-05	-1.041345089554098e-05	-6.479280033553363e-07	-4.529833169239624e-07	-2.294083363474565e-08	1.297962946499461e-06	8.177276343252888e-07	1.99654726430542e-06	
0.0001939322985337844	-9.069513543986325e-05	-1.03659410416362e-05	1.544161291582703e-06	-6.70522468370839e-07	6.322133611320297e-07	3.496002794067821e-07	7.741269044123298e-07	2.078536615899485e-06	
0.0001992825826921262	-9.178539341050875e-05	-1.007534672726452e-05	2.368873655397776e-06	7.526486025434425e-07	1.968706647044119e-06	1.142000488146295e-06	7.670447408629626e-07	2.084812069274178e-06	
0.0002047417648291396	-9.275759496332358e-05	-1.006188355300245e-05	1.175096588056455e-06	9.338854190136489e-07	2.228139629939019e-06	1.497177667098011e-06	3.270944625154782e-07	1.709390485376993e-06	
0.0002118420309389133	-9.505710499470246e-05	-1.106448486339955e-05	-9.791450282568591e-07	-5.848459413107237e-07	1.379147833786652e-06	1.248834848683114e-06	1.67120898128795e-07	2.689098297316986e-06	
0.0002175533630981483	-9.616470523436442e-05	-1.126505076824604e-05	-2.497043577869345e-06	1.751398058344976e-06	2.527435385238384e-06	2.49851252129095e-06	-3.142491856555469e-07	2.165128091861963e-06	
0.0002208822085226328	-9.501655143409863e-05	-1.034238536003697e-05	-5.094071084280975e-06	2.552020785083207e-06	2.333185299873043e-06	4.234019384041193e-06	-1.006481844410597e-07	1.765228880033074e-06	
0.0002257894604685672	-9.539692101102883e-05	-9.693273874542091e-06	-3.154881969387627e-06	1.519100482181368e-06	3.157232684126516e-06	3.749364997385427e-06	4.804866807359844e-07	1.767296628267581e-06	
0.0002305507848582653	-9.544646654088091e-05	-9.642840788762113e-06	-3.368624171962862e-06	-1.319531351120544e-06	3.768729092186232e-06	3.011794669557241e-06	4.519311021737809e-07	1.940738140761803e-06	
0.0002353064284254209	-9.562166957280544e-05	-8.803401393216396e-06	-3.156136710860473e-06	-1.273451118575778e-06	2.488774945785046e-06	3.403517764480237e-06	1.458820116530216e-06	1.813039395956544e-06	
0.0002399494600175321	-9.556785316038545e-05	-8.583292465324249e-06	-3.118252831931997e-06	-3.792987841192013e-06	2.707955347624343e-06	2.765958048029978e-06	1.479257808451093e-06	2.249124283374927e-06	
0.0002465573497047236	-9.72946137496278e-05	-8.859064264412322e-06	-2.782406819416667e-06	-4.573779293714038e-06	2.378559576289522e-06	1.800507389193059e-06	1.193078169538568e-06	2.2549606887651e-06	
0.0002525900534787075	-9.831339440568082e-05	-8.901453200853642e-06	-3.728567717295963e-06	-6.146151518764164e-06	1.046941272012568e-06	1.159902354191966e-06	1.258370845437762e-06	2.008837363786186e-06	
0.0002576526529564173	-9.844430577981905e-05	-8.309928573678783e-06	-6.096634124318525e-06	-5.179610389191679e-06	-8.487569540149744e-07	1.768084579737743e-06	1.111954420639724e-06	8.609710983807518e-07	
0.0002643420381932937	-0.0001000254294276046	-9.02352938993434e-06	-6.551461147694929e-06	-6.115746527565584e-06	-4.751062272537037e-07	1.13509088765586e-06	7.832456475903054e-07	1.28983664101198e-06	
0.0002704021634146697	-0.0001008338618919754	-9.727771577253947e-06	-8.664481715327028e-06	-7.509848338670157e-06	-1.225319414667859e-07	7.099152230530607e-07	4.676886285826257e-08	1.051434377543756e-06	
0.0002737141551237911	-9.946382910893348e-05	-7.769420887308863e-06	-6.348086605785712e-06	-6.468959954759595e-06	-1.994094911759428e-08	1.691988049149146e-06	1.471665680110662e-06	5.050194023733644e-07	
0.0002763476449860233	-9.746705444617399e-05	-5.718201514881045e-06	-5.367298155581198e-06	-5.233999026544441e-06	-1.878173977586878e-07	2.581773926285968e-06	2.177227621284186e-06	-7.463413899178974e-07	
0.0002811622604390146	-9.746559353225743e-05	-4.807276589965187e-06	-3.54888958711062e-06	-5.392812688001688e-06	-8.583741930003176e-07	2.214195923265142e-06	2.888152812945337e-06	-7.874595500507897e-07	
0.0002829553697097491	-9.463589905208894e-05	-2.58031859874935e-06	-3.303123356881388e-06	-6.855729203220433e-06	-3.036565147388449e-06	2.843337400085905e-06	4.499717762411353e-06	-1.199232390972792e-06	
0.0002875473247873786	-9.445588032217722e-05	-2.388765530025183e-06	-2.212736774252366e-06	-7.244881377828893e-06	-2.054313382611875e-06	2.166651280539981e-06	4.054835593660038e-06	-1.299410752228283e-06	
0.0002926271515343461	-9.479900553595947e-05	-2.474167356260483e-06	-1.033472152405816e-06	-5.050309494591401e-06	-2.3023711318072e-07	2.406674548061858e-06	3.567192302935534e-06	-1.514272812322169e-06	
0.000296742292373425	-9.412508557844858e-05	-2.829181141719267e-06	-1.352779187972021e-06	-4.191548200380683e-06	2.627796292470968e-06	2.671923865070799e-06	2.262237934454126e-06	-1.706506443566786e-06	
0.0003022431660823805	-9.465590360850178e-05	-3.175130829369903e-06	-6.997874464874459e-07	-4.373557551059642e-06	3.623720511391772e-06	1.883633672022262e-06	1.77942810690907e-06	-1.895092900322666e-06	
0.0003067115008218435	-9.42819621949546e-05	-2.318656654483265e-06	-5.013871095822628e-07	-3.60610309584453e-06	2.099622269972394e-06	2.106796162326428e-06	2.102122976254794e-06	-1.882767201321241e-06	
0.0003117450579849112	-9.439503372899782e-05	-1.651476594327045e-06	1.466933624481408e-06	-4.648621524447618e-06	1.153558338637775e-06	1.321350600154832e-06	2.660433267884622e-06	-1.301919034348584e-06	
0.0003176929662279839	-9.519412136939335e-05	-2.145780933413029e-06	1.218436588571205e-06	-5.657568080841958e-06	9.383106619617208e-07	6.29812494194429e-07	1.982770267595042e-06	-4.753571199777934e-07	
0.0003231181581788354	-9.554362299559835e-05	-1.598334362472436e-06	2.155678514439326e-06	-5.992661834332253e-06	-5.157745107259592e-07	4.360275263920495e-07	2.558892132668248e-06	2.193624818868711e-07	
0.0003259004740494715	-9.346517814068485e-05	-1.300849749407826e-08	2.480250699321633e-06	-5.846739944830997e-06	-9.931988595837273e-07	1.041764533181159e-06	2.841065499335145e-06	-4.673118648471614e-07	
0.000330125187053267	-9.269961792301344e-05	3.379915821602036e-07	1.174583700039669e-06	-4.741502858470486e-06	-1.361937608314597e-06	1.613361640641203e-06	2.28856584070582e-06	-8.835358204771678e-07	
0.0003339363867323314	-9.155124120502022e-05	3.224831518486285e-07	-8.36095767835887e-08	-4.338742280347877e-06	-3.103186978842436e-07	2.133443793411592e-06	1.549639740414596e-06	-8.916093548617106e-07	
0.0003387421705185097	-9.135233994035369e-05	8.097341628832471e-07	1.685606632649506e-07	-4.450631965241931e-06	-1.971480807797612e-06	1.978419037366446e-06	1.975562829755461e-06	-5.376359795793182e-07	
0.0003466084232011733	-9.38224094128044e-05	2.302193751706978e-07	1.850091668891965e-06	-5.7391263166887e-06	-3.73287438444053e-06	-1.753344425120231e-08	2.103028649898754e-06	5.985884159122788e-08	
0.0003530371201390231	-9.500018070815308e-05	-5.086808699683566e-08	3.938820357464049e-06	-5.046686564418039e-06	-1.788585455205172e-06	-7.738521144871328e-07	1.178375546846675e-06	5.634849526168844e-07	
0.0003561913249148799	-9.294469056035868e-05	9.317316641248592e-07	2.569454071396117e-06	-5.954122884709437e-06	-1.929952416164524e-06	-4.041055908517938e-07	7.79537733173339e-07	-1.45843689994372e-07	
0.0003612383814415846	-9.271362286175106e-05	1.228011112364278e-06	3.358526939849979e-06	-7.267384833489228e-06	-1.881312818409688e-06	-1.164411687294941e-06	6.389979059252265e-07	9.790223305617291e-09	
0.0003647354602793972	-9.096924392807415e-05	1.4490406293013e-06	8.660468413923039e-07	-7.737669699780314e-06	-1.993441433499599e-06	-3.777941609079421e-07	1.598987820257039e-07	-3.326428571396678e-07	
0.0003686709599001517	-8.986399078003824e-05	1.769181644343849e-06	1.402916590535486e-06	-5.879207003822775e-06	2.590851942391779e-07	1.691054553011027e-07	-4.704895923762745e-07	-1.094903114100331e-06	
0.000373683447624749	-8.979529841124575e-05	2.354053708571354e-06	4.254979089967925e-06	-5.534174359759768e-06	6.927781278798759e-07	-3.379431741563418e-07	-3.980761861510246e-08	-8.613625973837348e-07	
0.0003771694636035494	-8.811815371370694e-05	3.044159610553545e-06	2.209898748612364e-06	-5.474206669479882e-06	-1.015006571319058e-06	4.892538090134192e-07	2.50447040754458e-07	-1.095542685916991e-06	
0.0003831222436522756	-8.882950720303403e-05	2.615943940186868e-06	3.769062585737114e-06	-4.569181573466279e-06	4.205888270259442e-07	-2.057594758875173e-07	-3.638863323465279e-07	-1.152337447650204e-06	
0.0003887107286605457	-8.9018833489489e-05	2.75233136111032e-06	2.919852818071807e-06	-6.174666382366964e-06	-2.226509136766993e-06	-8.192372472407073e-07	-2.265716614861432e-07	-1.169584379677097e-08	
0.0003936239101114043	-8.858710070866886e-05	3.117838572720209e-06	3.387042812995999e-06	-6.654599162784584e-06	-2.140770774522215e-06	-1.476119317600989e-06	-7.243709380950707e-07	-3.998294845471072e-07	
0.0003992976275202274	-8.893607369183629e-05	3.628640805897224e-06	5.054004119094514e-06	-6.010043560021391e-06	-2.709271267609049e-06	-1.894468086710993e-06	-6.245253824112324e-07	-2.448381840935157e-07	
0.0004031642133067375	-8.747219852173462e-05	3.396224615136271e-06	3.267703615424839e-06	-5.325105023351605e-06	-8.311821499155048e-07	-9.106103725076246e-07	-1.399509726146139e-06	-4.400500419467294e-07	
0.0004093083578597414	-8.824972173630692e-05	3.253060952434008e-06	5.480142597647086e-06	-4.259860613424107e-06	3.854350986897621e-07	-1.417376172101938e-06	-1.601275793509868e-06	-1.620183804518561e-07	
0.0004175206000735018	-9.078310820747716e-05	2.426742808004517e-06	7.739944878678172e-06	-3.861510570497287e-06	6.220602293920771e-07	-2.629078857200183e-06	-1.831688136835921e-06	8.478921690499281e-07	
0.0004224474433484674	-9.009664474895031e-05	3.00298229216669e-06	8.145022838423749e-06	-4.529027422446206e-06	3.955555232861749e-07	-2.667764167922516e-06	-1.720943398155177e-06	6.14875735774887e-07	
0.0004248693489945063	-8.706676607518365e-05	4.005145607159819e-06	5.374562348382322e-06	-5.120137516268918e-06	8.729317835780896e-08	-1.437733684473676e-06	-2.026846066454138e-06	-2.103134223368356e-08	
0.0004295968057145053	-8.63228043656264e-05	4.572307855158569e-06	4.440470017824577e-06	-3.974355344638327e-06	-1.539655833344463e-06	-7.499738880984034e-07	-1.634080406253361e-06	-3.417508213823041e-07	
0.0004330555525444018	-8.44499448320429e-05	5.731472931301303e-06	4.179151115419865e-06	-3.348036638443026e-06	-2.89136958433914e-06	2.873778219475519e-08	-8.312038836129544e-07	-8.80620355190463e-07	
0.0004367408622874741	-8.2813749559441e-05	6.709371278924527e-06	4.913829112522779e-06	-4.350727519384049e-06	-3.863887936205831e-06	-1.25808566628082e-07	-1.291711591526893e-07	-7.413144261168424e-07	
0.0004405730811935653	-8.133487387246844e-05	7.739345101743157e-06	5.198708378278148e-06	-4.78598190576088e-06	-5.885806293854471e-06	-8.213620466550594e-08	7.085396047313314e-07	-8.020065961930526e-07	
0.0004466474539601594	-8.176623025030777e-05	6.294648998809755e-06	3.423489654328271e-06	-5.876227256371373e-06	-5.25856202895262e-06	-7.333745662146386e-07	-3.357088360782802e-07	5.793679798899701e-08	
0.000451958628883051	-8.1703784729464e-05	6.27778283375962e-06	4.767090662817355e-06	-3.715202885667926e-06	-3.624994673304548e-06	-7.080798721809947e-07	-9.748267105820917e-07	-1.638623345666179e-07	
0.0004566601381806497	-8.085730806384664e-05	5.98203361523647e-06	2.276292289831713e-06	-3.375302767030886e-06	-4.288701930784624e-06	-6.713968763189352e-08	-1.36378936604155e-06	2.384724892482207e-07	
0.0004605545397077385	-7.9254681444355e-05	5.92867470773012e-06	1.555000556852203e-06	-4.32182445019811e-06	-2.941325845875874e-06	-2.475052433083997e-07	-1.803571054108042e-06	-7.765530446427375e-08	
0.0004676975025910738	-8.064775809475643e-05	4.521339200260332e-06	6.602667914505488e-07	-4.349180210165327e-06	-2.599978775999226e-06	-1.039374440987823e-06	-2.744680322552095e-06	9.556364085754671e-07	
0.0004725243574565233	-7.991167482920596e-05	4.110536878070345e-06	-1.11916875534086e-06	-1.516750888562682e-06	-8.258766891289816e-07	-1.905963570540977e-08	-3.712590122370748e-06	1.409959896119462e-07	
0.000476202779913899	-7.823046919504064e-05	5.193664288069298e-06	6.797060262345406e-07	-9.865934493843133e-07	-6.09288331870954e-07	4.131808939000043e-07	-2.634440353939315e-06	1.396364802941037e-07	
0.0004815910246556822	-7.811526405998379e-05	5.468714717334031e-06	1.759467242360434e-06	4.97046369608979e-07	-1.190491374887025e-06	6.213444126288781e-07	-2.008417528893561e-06	3.033881951736142e-07	
0.0004866542228402785	-7.755231518377266e-05	4.935528158771545e-06	8.687444655209244e-07	1.077943065880942e-06	2.197403328299686e-07	7.717573648956023e-07	-2.635375271905124e-06	5.315924784974654e-07	
0.0004910703869873895	-7.634777150152688e-05	4.946418391091029e-06	9.141364146288068e-07	-9.13743076136597e-07	4.485777407338183e-07	3.857311304250899e-07	-2.330661436687906e-06	1.401277901142324e-06	
0.0004970084913692007	-7.634111350505253e-05	3.380573382579111e-06	-9.228673341320867e-07	-2.529126646678199e-06	2.666174546732774e-06	-7.214824540335478e-07	-3.814582444629926e-06	9.215371626971107e-07	
0.0005007381088655596	-7.445935733087455e-05	4.088828102037833e-06	-1.651590155628434e-06	-2.077003246120822e-06	2.901932928593539e-06	-6.798236141011193e-07	-4.072047008858938e-06	-6.724245363942285e-07	
0.0005039735338572482	-7.230009838564334e-05	5.769984067938893e-06	-4.71985513019277e-07	-2.080832942879064e-06	8.207918824289942e-07	-3.712635260567323e-07	-2.527930775023381e-06	-1.067038198604529e-06	
0.0005089568625524315	-7.170466690854612e-05	5.521437337288989e-06	-7.223945650157917e-07	-1.54533089755792e-06	1.313643471450807e-06	-4.712517129035902e-07	-2.774727986941618e-06	-1.001375113592408e-06	
0.0005124435835075931	-6.984788680996233e-05	6.437747015581078e-06	1.360913919641022e-07	-1.076508370760583e-06	1.080291356691465e-06	-1.013959896954693e-07	-2.440280291962911e-06	-6.678886429133117e-07	
0.0005161756569648945	-6.812485001713371e-05	6.580067186650139e-06	-3.910326436191292e-07	-1.277329417056008e-06	1.65485481864399e-06	-4.322990570855755e-08	-2.668441785001302e-06	-6.718259098218491e-07	
0.000521603437343593	-6.792130976498476e-05	5.711881910723038e-06	-1.310493669225334e-06	-1.59232196020078e-06	1.91575533232564e-06	-3.327253553484417e-07	-2.960594144497e-06	-7.467382995728297e-09	
0.0005251667771321315	-6.603850081493651e-05	5.331473705453182e-06	-1.744868951659409e-06	-7.112426960929305e-07	5.02680193670872e-06	1.310800195483143e-07	-3.596523349626573e-06	-6.593818933592546e-07	
0.0005297487184574808	-6.507955283575586e-05	5.063451239764593e-06	-1.764399430723154e-06	-6.695180546157322e-07	5.73583910655396e-06	-1.822456832716841e-07	-3.626194763764221e-06	-1.126669813719849e-06	
0.0005335131689760643	-6.343716329416605e-05	5.237941739305671e-06	-1.451317764299109e-06	-9.073113393817466e-07	6.425850055361372e-06	-1.893652950842603e-07	-3.603641229975172e-06	-8.773467567060642e-07	
0.0005375229819971652	-6.206349585295302e-05	5.286655666932421e-06	-1.668375816267507e-06	1.739354924375942e-07	6.586655719662961e-06	4.270103640044703e-07	-3.188368623627673e-06	-8.258839031435153e-07	
0.0005423789619618728	-6.143336327246505e-05	5.305277298229864e-06	-8.800591850703966e-07	-5.204468705211179e-07	5.695480451810062e-06	-8.672141893645737e-08	-2.605501303256724e-06	-2.277475497899892e-07	
0.0005437110222096902	-5.772941607620631e-05	7.572463999751754e-06	1.661538305666152e-06	-5.237699167603019e-07	5.023100108949548e-06	3.914038526934843e-07	-1.160340102183301e-06	-1.010925394573359e-06	
0.0005493646357011797	-5.788981547222386e-05	6.936783764902671e-06	2.209918057852201e-06	-4.562055477712923e-07	4.857089673108103e-06	-4.750573296363171e-07	-1.387446866833429e-06	-8.837547219984534e-07	
0.0005558225746260386	-5.868833285289958e-05	5.866354278664666e-06	2.921192100486135e-06	-9.889787159133264e-07	5.546635095207579e-06	-1.81727511398218e-06	-2.091716011543027e-06	-4.926689655824449e-07	
0.0005587330556166057	-5.630186577034454e-05	7.068252737874137e-06	3.977791082558855e-06	-1.549482503687925e-06	4.854715303966058e-06	-1.616307325435587e-06	-1.431881577292858e-06	-3.887291732548657e-07	
0.000563487672363166	-5.579430475431375e-05	7.74700048639452e-06	7.189579034628806e-06	4.718856704455374e-07	4.872088567318491e-06	-1.430674948132627e-06	-6.15911121156717e-07	-3.104971472730673e-07	
0.0005687660571087772	-5.545700045885236e-05	7.366223510098951e-06	6.545937607533472e-06	-4.265000815380515e-07	3.92277604045701e-06	-1.935621823367741e-06	-9.874549814397544e-07	2.711946389941933e-07	
0.0005719716321574776	-5.338827577822668e-05	8.600112187143062e-06	7.841677859307404e-06	-1.325282230867283e-07	2.794915193770036e-06	-1.371645249994229e-06	-2.005758580800711e-07	5.276080999268321e-07	
0.0005754724609923659	-5.158234871205006e-05	1.011783710112414e-05	9.063550656208273e-06	-6.65568662735435e-08	7.245996318694666e-08	-1.371073168275436e-06	8.35385748944222e-07	4.915489489355077e-08	
0.000579340263744746	-4.997780948312142e-05	9.606605459566722e-06	6.360143911850847e-06	2.662811462064766e-07	1.438798758734947e-07	-8.343354601069295e-07	-1.757732238214779e-07	-1.935904105260531e-07	
0.000583748307268989	-4.89763565923418e-05	1.013524479662781e-05	6.886415725263223e-06	-8.842794230209949e-07	-2.286200702804527e-06	-1.245272499813502e-06	7.618071860532246e-07	4.689870329790139e-07	
0.0005886547410021981	-4.838087339051165e-05	9.067099942579511e-06	4.70027717046466e-06	2.557126229173582e-08	-1.37407857805604e-06	-8.882577979967267e-07	-5.224384019894308e-07	8.568973024484935e-07	
0.0005918767174831283	-4.649873897059378e-05	9.767455494623358e-06	5.804531562010512e-06	3.441478337044775e-06	1.516026369656019e-07	3.664386498730121e-07	-5.684045304652082e-07	3.587379671295171e-07	
0.0005974107079332701	-4.656755066175725e-05	9.840842288230284e-06	7.763474265380174e-06	3.249623750869302e-06	-1.298226458554783e-06	-4.51143849899229e-07	2.765783566494749e-07	5.223939883578232e-07	
0.0006027914645111977	-4.643943825715221e-05	9.470762645695698e-06	7.582225746399817e-06	4.606930752487712e-06	-1.584029300061997e-06	-3.526290914227409e-07	6.486962988966211e-08	5.82477094598314e-07	
0.0006085941511499853	-4.663110273969157e-05	8.723352785246118e-06	8.159607092258735e-06	4.783847716239449e-06	-7.464041558006536e-07	-8.133254994816574e-07	-4.705738728853219e-07	1.13284610734357e-06	
0.0006118615395871527	-4.427872874039811e-05	9.111541355936505e-06	5.218278800929095e-06	2.935218440884716e-06	-2.652260423800922e-06	-6.358619411824701e-07	-6.465138739579232e-07	9.745380894929221e-07	
0.0006159895599144235	-4.295224146412333e-05	9.090401484686355e-06	3.677920796534109e-06	4.361739886501367e-06	-3.08021444352592e-06	3.01641900169283e-07	-6.140231348835805e-07	9.971805368917924e-07	
0.0006182239419243436	-3.994275958388105e-05	9.15016551073745e-06	2.14456061850239e-06	6.570165642868847e-06	-2.826699107829254e-07	1.862782008312191e-06	-1.143490571810851e-06	-4.373897762070815e-08	
0.0006230037274279676	-3.936838447237954e-05	9.215964980440543e-06	3.941020282977334e-06	6.41856584518023e-06	-4.906367005613158e-07	1.205356603495148e-06	-7.311423043071425e-07	4.970559580437412e-07	
0.0006272727624766018	-3.811870121083299e-05	9.085549761701385e-06	1.946151491213436e-06	6.083635455969879e-06	-2.136048640374829e-06	1.205824642406899e-06	-5.955025915589538e-07	2.653663413158916e-07	
0.000630899269355396	-3.636430038972322e-05	9.453600526985486e-06	1.531955125357106e-06	5.580858455041878e-06	-3.240789611609365e-06	1.158804153995758e-06	-9.508930671774078e-08	1.054695056097095e-07	
0.0006365659083376216	-3.654878977190924e-05	8.878006110218453e-06	1.678573633253254e-06	6.238398320735883e-06	-3.658666463208962e-06	8.005687076409555e-07	-4.755130363415196e-08	7.803749279965987e-07	
0.0006410747723429858	-3.550790355470126e-05	8.210232791246941e-06	-8.564661303201231e-07	7.52856771919492e-06	-3.170118320030355e-06	1.180939797200928e-06	-9.628563979613824e-07	2.582888013635888e-08	
0.0006436682903511857	-3.30162819326978e-05	9.829080059933687e-06	1.777182298549892e-06	8.942529535353885e-06	-3.049438424998447e-06	1.612647049487867e-06	7.784453055150851e-08	-4.896904919418004e-07	
0.0006495609035175121	-3.315193107908296e-05	8.368600895154793e-06	1.820405409131259e-09	6.023334337104092e-06	-3.780443798320297e-06	3.250763784962832e-07	-2.338271854666107e-07	6.260370203149387e-07	
0.0006532686732992981	-3.142594996183155e-05	9.213810409647475e-06	-9.216654835812467e-08	4.726738445619298e-06	-6.254523787797154e-06	-1.003014207557215e-08	5.819317474005575e-07	6.173734420387337e-07	
0.0006579175650821418	-3.051328174422988e-05	7.926704355533236e-06	-1.562735356301132e-06	4.997253611875665e-06	-3.458571043457909e-06	-2.083148712786889e-07	-6.361020165612126e-07	-6.10168628171839e-09	
0.0006625503149434384	-2.964091421175693e-05	6.543252066960031e-06	-3.910652178336172e-06	7.015781423880226e-06	-5.355717231494175e-07	4.723662962552274e-07	-2.123315929649462e-06	-4.022017235501745e-07	
0.0006663362999860323	-2.825823226655953e-05	7.3300118491264e-06	-1.274984767405535e-06	8.959702464333066e-06	3.058510450646071e-07	9.625478830238038e-07	-1.221077290843534e-06	-1.507400575705604e-07	
0.0006703030272128282	-2.673916776427704e-05	7.416010659199071e-06	-2.350966537500489e-06	7.427899122894801e-06	-1.432962048903476e-06	7.877788067632582e-07	-6.368434597014354e-07	3.06749644821124e-07	
0.0006773593031680331	-2.780746648496359e-05	5.079325636224177e-06	-6.721504982869309e-06	4.995052352935687e-06	-2.909990663210141e-06	-3.672056215758368e-07	-1.82273051420466e-06	1.493140538936335e-06	
0.0006814480179435104	-2.63536596149738e-05	5.768247361638179e-06	-7.636331073642161e-06	5.016296332219145e-06	-5.596904348912445e-06	9.036606962665235e-08	-4.432561221274246e-07	1.226959308424821e-06	
0.0006856520842118955	-2.502526946309182e-05	5.663093867912614e-06	-8.881955862910542e-06	6.190987421977039e-06	-5.218328863465716e-06	4.126990196480829e-07	-6.740471191117704e-07	3.113631904585484e-07	
0.0006902170487387923	-2.400816260765316e-05	5.606883846942432e-06	-9.154309114801903e-06	5.268836965054747e-06	-5.944601127330144e-06	3.520137639484673e-08	-1.858437654454071e-07	4.546390505605732e-07	
0.0006954022923815275	-2.36061473601823e-05	4.54458731429808e-06	-1.022086929347827e-05	6.785412833162622e-06	-3.797788493365878e-06	2.939521447315094e-07	-8.876213450998347e-07	3.968591589385509e-07	
0.0006992621787005233	-2.182898484858391e-05	4.25219064960595e-06	-1.292654593273588e-05	6.175666088444602e-06	-4.219861602512708e-06	5.654809755644569e-07	-1.011154607465649e-06	6.800230614980175e-08	
0.0007011988752748806	-1.846622655342782e-05	5.364031472297843e-06	-1.277427639541244e-05	4.442998500678464e-06	-4.517892712318524e-06	7.126314018116067e-07	4.416120422543514e-09	-2.758155234212361e-08	
0.0007044829667827393	-1.646412141692194e-05	5.652017338953046e-06	-1.233780212295088e-05	5.33451957455991e-06	-3.35042230080128e-06	7.322518546975805e-07	5.186438962468408e-08	-1.069199304205146e-06	
0.0007097366348228117	-1.632349098028139e-05	5.180299222757117e-06	-1.178456171511257e-05	6.784132251761388e-06	-2.864505492380623e-06	3.35136877244935e-07	-1.680601644584044e-07	-1.078053520173807e-06	
0.0007129848995276923	-1.423686718896366e-05	5.261290405439984e-06	-1.245943514407522e-05	6.501285983710177e-06	-2.835402727693316e-06	7.502088942779813e-07	4.854176660425605e-07	-9.005881250478108e-07	
0.0007184494999559007	-1.398680958554404e-05	3.546995059307187e-06	-1.62202367234497e-05	5.152943896424152e-06	-3.318745407084045e-06	3.221521572704446e-07	-1.876444988629541e-07	-2.334274756740721e-07	
0.0007225353015435168	-1.261497770243566e-05	3.124165456002887e-06	-1.624926489150151e-05	4.442728879547519e-06	-2.316734987760889e-06	1.049079382557223e-08	2.86676143218985e-08	-3.920949296960655e-07	
0.0007261659815213341	-1.07860132737998e-05	3.098995652608027e-06	-1.768070658718468e-05	3.363924267163455e-06	-3.384343933087211e-06	-1.230095716298658e-08	6.353054114917572e-07	-5.647034069529058e-07	
0.0007297826297647501	-9.152329256239557e-06	3.674015042801389e-06	-1.646756113704692e-05	4.276389172231814e-06	-3.641403358620267e-06	1.544469709195676e-07	1.613381142645564e-06	-1.121688914927491e-06	
0.0007341257864977185	-8.237109699770937e-06	4.207113235078463e-06	-1.249018073619292e-05	3.156383907220315e-06	-3.392899994868525e-06	-1.006910261903751e-06	2.828758239684748e-06	-7.520277221334865e-07	
0.0007394871212003136	-8.112453274163564e-06	3.429699008044046e-06	-1.240530788367118e-05	2.407044003133129e-06	-3.506548198662554e-06	-1.509844909217002e-06	2.768564909427397e-06	4.045767063769415e-07	
0.0007427215941914149	-5.955922158085823e-06	3.861788603578718e-06	-1.305283461802613e-05	7.720100021336712e-07	-5.044353074603348e-06	-1.355574989234289e-06	3.647621101110086e-06	6.512874208463175e-07	
0.0007460085316478159	-3.890645410036731e-06	3.371851531497787e-06	-1.45210367473925e-05	6.579557121250555e-07	-3.492180347972331e-06	-9.719193467369825e-07	2.983225630562139e-06	3.129561570334532e-07	
0.0007483684399242507	-1.184108345145011e-06	4.02268143764815e-06	-1.437779347560102e-05	1.760300402978544e-06	-2.708516082325257e-06	-2.514559264185063e-07	3.054703747535369e-06	-2.171342716546154e-07	
0.0007525770758866408	-1.30792329966283e-07	2.562615597744222e-06	-1.441812057236878e-05	3.168602010573782e-06	1.633040290171806e-06	-1.825078139388707e-07	1.870280233582812e-06	-9.012216508684082e-07	
0.000757379055485174	2.535884866805143e-07	3.244270041118301e-06	-8.689013635556494e-06	7.470374822378365e-07	1.036494692247265e-06	-2.076045784742104e-06	3.665553199847524e-06	8.129719465532891e-08	
0.0007632067352131023	2.383272915138332e-08	1.877898152560274e-06	-9.281175389375662e-06	-1.326810029550618e-06	1.223159630658965e-06	-3.325678422447046e-06	2.798052758356303e-06	8.22031862221613e-07	
0.0007686184037541661	8.484903758222393e-08	7.987955131089263e-07	-8.484085342426123e-06	-1.743110794849984e-06	2.972810512266006e-06	-3.621838148476028e-06	2.349100961196331e-06	1.715283152111765e-06	
0.0007716763308777251	2.432368556463112e-06	1.043994434799152e-06	-9.552136215078308e-06	-2.31796854744061e-06	3.199176886348528e-06	-3.304976658264384e-06	2.096040865363087e-06	6.657268394686709e-07	
0.0007738205077776602	5.40259152799719e-06	1.977020539782386e-06	-8.560296426029489e-06	-2.36048542062683e-06	4.141259860230872e-06	-2.923470717784484e-06	2.255466801034706e-06	-2.246884963590149e-07	
0.0007790626116671973	5.429447384801889e-06	1.801797685081285e-06	-6.283790568146837e-06	-1.437520698907147e-06	4.190379967697292e-06	-3.387584812388907e-06	2.22015973266917e-06	-1.797965544850434e-07	
0.0007851419161638381	4.84991366117961e-06	9.901345536086113e-07	-3.630586013389232e-06	-2.610294003405729e-06	4.954769128205877e-06	-4.669557611076845e-06	2.146797461772837e-06	3.262555782788621e-07	
0.0007895293074520824	5.918183304050767e-06	9.321573330318471e-08	-5.541287152357524e-06	-1.073554197438078e-06	6.737037431331552e-06	-3.825573172235383e-06	6.103776180362626e-07	-9.249845710869531e-08	
0.0007931437893400718	7.520571388140738e-06	8.586133715636399e-07	-4.217608750179739e-06	1.843220027292948e-07	6.30140650672559e-06	-2.986644181541661e-06	1.304726141701128e-06	-3.690761414056601e-08	
0.0007980372599477331	8.195686951530264e-06	1.025490849589621e-07	-6.028648121866992e-06	-6.289492192116128e-07	5.769283830696558e-06	-3.171742431755934e-06	4.530164371067977e-07	1.383744058025248e-07	
0.0008034049370213683	8.500668013760346e-06	-1.987711293630352e-06	-9.868240457272426e-06	7.147075622082486e-07	8.173662169700202e-06	-2.55160398556826e-06	-1.601393979539177e-06	-3.106969797622098e-07	
0.0008073044286303989	9.998192330772024e-06	-1.41062415592577e-06	-8.760367403933836e-06	-1.005935839154391e-06	6.571805289046557e-06	-2.690159252448295e-06	-5.217018239544125e-07	5.131622041322602e-07	
0.0008115779609847404	1.118733092742696e-05	-1.810723649257326e-06	-8.43506610656362e-06	-1.473591133059035e-06	8.018041952245373e-06	-2.876838487920002e-06	-9.727836762799214e-07	3.187712541582315e-07	
0.0008168782100455591	1.137154530496953e-05	-1.289885016802182e-06	-5.75925282760879e-06	-2.671144565917853e-06	6.098277530177409e-06	-3.834208065924597e-06	2.893840190516476e-07	6.420963975987651e-07	
0.0008204551792123501	1.299471468021292e-05	4.703977807083679e-08	-3.18317411694116e-06	-4.79836834778381e-07	5.739040096688331e-06	-3.1261734935627e-06	1.184034905045883e-06	-1.451230253992349e-07	
0.0008262114245989782	1.290086174567222e-05	-8.61316213735631e-07	-5.111774219801668e-06	-6.426646289825451e-07	4.057837929283813e-06	-2.927512306858458e-06	8.372054008799244e-07	7.072386814744306e-07	
0.0008303830890399424	1.422640190283433e-05	-1.379888138657405e-06	-5.879350974363193e-06	7.410111464190221e-08	5.634993044429363e-06	-2.297056053494224e-06	1.536579668215799e-07	4.79890685887237e-07	
0.0008340264933649465	1.597755242420864e-05	-1.159548070355988e-06	-4.465036184380764e-06	3.193473563661919e-07	7.135325259775223e-06	-2.131711415383385e-06	3.832909912687459e-07	-3.543848394275794e-07	
0.000837147097090649	1.82315680309661e-05	-9.727660143095602e-07	-5.890673727053445e-06	4.993363612446801e-07	6.722037471804134e-06	-1.220924408652044e-06	3.419681292734625e-07	-5.108665449742021e-07	
0.0008418185217693151	1.898174166732e-05	-8.732576512383719e-07	-5.005754873172567e-06	6.550392341368196e-07	5.666429194161936e-06	-1.389004873517578e-06	9.313689618496563e-07	-6.73551973628265e-07	
0.0008467047634568365	1.939799862473092e-05	-2.357902372690409e-07	-8.236382021008554e-07	9.030860345198082e-07	5.317749375393389e-06	-1.907425866895664e-06	2.137053331479964e-06	-3.005964927860141e-07	
0.0008483245244000115	2.277686658372305e-05	1.901322956664501e-06	2.556310061145834e-06	1.519089723941605e-06	5.186365318846269e-06	-1.30998318291559e-06	3.187683327082953e-06	-1.185135753509298e-06	
0.0008531110199938081	2.3341768203917e-05	1.943635349628091e-06	2.207329752950023e-06	2.028477527347145e-06	2.851624498383625e-06	-1.06897711211112e-06	3.300308261263869e-06	-3.920737427559607e-07	
0.0008564043287705551	2.530137336525633e-05	1.749256959397378e-06	3.309956641601027e-06	1.23122322284807e-06	4.641869252259794e-06	-8.78214936890843e-07	3.304963015597092e-06	-2.821041973537537e-08	
0.0008601097697193932	2.685300419313615e-05	1.970278402086549e-06	3.946971849941322e-06	7.432412060587511e-07	4.014248671494935e-06	-8.231270459667014e-07	3.539777078958391e-06	2.458091576493426e-07	
0.0008645428028618221	2.770383874382527e-05	2.217259446616511e-06	6.402684690978358e-06	-5.004399986633772e-07	3.578042470500963e-06	-1.738897663618258e-06	3.650890209068744e-06	6.350007702388111e-07	
0.0008675795298730874	2.980084913704068e-05	3.373968619937467e-06	8.550344812684203e-06	-3.20681847097064e-07	2.624800305824175e-06	-1.636099401296039e-06	4.247389628738016e-06	-1.332568100428496e-07	
0.0008709381039876137	3.160651636849702e-05	3.541921398474358e-06	8.179188491878489e-06	9.67528146487274e-07	2.492205725677898e-06	-9.474949702633317e-07	3.618924983884193e-06	-6.501453449160422e-07	
0.0008750998013365884	3.268803936912418e-05	2.99819364619406e-06	7.555703251963483e-06	2.053279704609215e-06	2.995737960874836e-06	-5.065383454510836e-07	2.891108956737362e-06	-7.37197737649361e-07	
0.0008792045061603439	3.37226657180076e-05	3.07425333214114e-06	9.781584073205557e-06	3.14129437174149e-06	3.814782744966172e-06	-4.954899111234409e-07	2.96959649974232e-06	-1.08336417167838e-06	
0.0008841495679849768	3.410885216466349e-05	2.263323945840928e-06	9.141315717137642e-06	3.865765352893517e-06	3.499005583043916e-06	-1.276609873855908e-07	2.567635277458915e-06	-4.739945116520631e-07	
0.0008886024683831571	3.485691259835818e-05	1.910370482803001e-06	9.850121112369029e-06	5.976224538802228e-06	4.64540960619629e-06	5.373465423476746e-07	2.006000191148132e-06	-3.378823264467712e-07	
0.0008921092240240657	3.668440156563434e-05	2.236617710702629e-06	8.238357979757609e-06	4.647373225191218e-06	1.821232463015458e-06	8.138980441964655e-07	2.326234616520468e-06	1.076730093584648e-07	
0.0008960425204429786	3.797170653204673e-05	3.235778224992799e-06	1.04573182481514e-05	3.53400511023049e-06	-2.356654517411978e-07	-7.927890004717899e-08	2.867864346413134e-06	-1.407388802981556e-07	
0.0009000957143848591	3.912061325408635e-05	3.509975218677337e-06	1.093414825745345e-05	4.788348070323327e-06	-1.148927564469004e-06	4.53983612666608e-07	3.184996998556003e-06	-3.626291466859486e-07	
0.0009042170803948281	4.032183930496706e-05	3.163618130513132e-06	9.375026359810399e-06	4.405996409871293e-06	-2.241109807981183e-06	6.962320319850262e-07	2.552348469589499e-06	2.067146151529972e-07	
0.0009063297994283095	4.322161951927292e-05	3.95755814167337e-06	7.12338644317631e-06	6.830458326974066e-06	-3.668454831649494e-06	2.709772055828065e-06	2.584692801281114e-06	-2.643443303577111e-07	
0.0009106512288475476	4.403413102268753e-05	3.264397680688418e-06	6.656161887262893e-06	8.113576169269869e-06	-3.247980274421637e-06	3.277666786986855e-06	2.302562203396989e-06	5.008056504824668e-07	
0.0009160425010775227	4.405723146024048e-05	1.344336124054378e-06	3.679885977576746e-06	9.645918293702829e-06	-1.998765877739041e-06	3.697185002125997e-06	7.63055051030309e-07	5.580819140942368e-07	
0.000920784892784737	4.467754526710672e-05	4.746479314906661e-07	2.864381421691963e-06	9.633367478277877e-06	-1.45534668298111e-06	3.507006943562925e-06	2.208301653405436e-07	7.567121952532379e-07	
0.0009260296641006641	4.491142470060998e-05	-6.72229678535799e-07	2.812735660941259e-06	7.977365962122463e-06	-5.524402154732387e-07	2.622225768075202e-06	-1.686264500186024e-07	1.480034778714633e-06	
0.0009326140500069184	4.414210569169469e-05	-2.463151316534073e-06	7.759378001763915e-07	5.063841872927034e-06	-1.718401679814618e-06	1.389146889317436e-06	-4.693509341240692e-07	2.38857607560511e-06	
0.0009384069595440171	4.405497300576461e-05	-3.185343792643084e-06	7.437718008478505e-07	2.103529365342827e-06	-2.679169161535864e-06	1.52410937946622e-07	-4.983604188303379e-07	3.379995570318487e-06	
0.0009426847425383271	4.533634710594274e-05	-3.204211038733932e-06	4.87979809443991e-07	1.523742393361848e-06	-2.273646684365861e-06	1.405501175058819e-07	-6.316915260391557e-07	2.759559992799285e-06	
0.0009478344913542749	4.591191692944802e-05	-4.325917820678912e-06	-2.364619616223569e-06	8.614950003829666e-07	-2.381102145703126e-06	4.193731416833665e-07	-1.344659523716937e-06	2.894232430312493e-06	
0.0009520916018997691	4.712169757343123e-05	-3.474259587420808e-06	3.637727418265547e-08	3.533882998222244e-07	-2.774532206480298e-06	-7.219969881390406e-08	-5.380209402768787e-07	2.048993772768885e-06	
0.0009570631769107563	4.756535977644848e-05	-3.388792413952367e-06	3.464954270525509e-06	1.045328183182313e-06	-7.843608801529245e-07	-3.344564160350202e-07	-2.416497473212664e-07	1.967520555286829e-06	
0.0009629434158583046	4.755764102606777e-05	-4.69635774449956e-06	1.566215602891713e-06	-8.652045967814158e-07	-1.021621097915351e-06	-8.016551696849826e-07	-8.848981471347486e-07	2.405889919027241e-06	
0.0009682538154477011	4.793337390285071e-05	-4.921362481435848e-06	2.32960213573245e-06	-1.407394144607612e-06	-9.099670424856163e-07	-1.036468661800295e-06	-7.853324524945493e-07	2.470907939022321e-06	
0.0009709103352829509	5.075861446233309e-05	-4.235918264969626e-06	5.942119418821818e-07	-8.568629787236375e-07	-1.041680102268624e-06	2.9743248162527e-07	-8.204546465612305e-07	1.603740799061812e-06	
0.0009762245810209073	5.106040677529773e-05	-4.700211257444059e-06	1.939503431844984e-06	-1.168421455708106e-06	2.551725633757673e-07	-3.695214070085893e-07	-1.291516338331577e-06	1.442003917178262e-06	
0.000979844501567133	5.298833804044236e-05	-3.965332758318747e-06	1.554135125934652e-06	-1.425488874093865e-06	-1.118291075165024e-06	-1.308301658064512e-07	-9.86795647458885e-07	4.632500598632804e-07	
0.0009834040036707683	5.484483570454294e-05	-3.663432111592279e-06	1.712832082585167e-06	-6.659891665227485e-07	-6.651251528892725e-07	5.599132738018383e-07	-8.027552800129627e-07	1.963669856318082e-08	
0.0009869545905895111	5.669548624721146e-05	-3.149273321031181e-06	1.159952208238379e-06	4.67829976101777e-07	-1.908636809145092e-06	1.413913934039858e-06	-2.768810674344312e-07	-7.341009592245668e-07	
0.0009917830049697087	5.731203286558482e-05	-2.981080016017883e-06	3.397399255531756e-06	-3.72085569481918e-07	-2.587830120215246e-06	8.257809395050451e-07	5.433714300169176e-07	-9.708989000398299e-08	
0.0009946855363580683	5.968355568254865e-05	-2.246663425389296e-06	4.106496513145735e-06	3.642489054087235e-07	-2.323943431293499e-06	1.457411894779553e-06	7.535107071190617e-07	-6.380616575123193e-07	
0.0009977250591459836	6.196689047866216e-05	-2.287156616898258e-06	3.667255566640096e-06	5.702432562253519e-07	-9.57199119653959e-07	1.781182457033548e-06	1.147151336829707e-07	-1.305092116893828e-06	
0.001002865856623873	6.212958198055385e-05	-2.744766450492386e-06	7.232920185796386e-06	1.752124864843975e-06	1.771808089157501e-06	1.109990845918378e-06	-1.416991285425348e-07	-1.466290636593483e-06	
0.001009143706536809	6.158713443743997e-05	-3.844458626670016e-06	6.474895924138611e-06	-7.930238671166497e-07	-3.430703062060497e-07	9.374013459464025e-09	-3.282987128663996e-07	1.495010056475041e-07	
0.001013388268516401	6.286095194750568e-05	-3.973663382120032e-06	6.317447448920502e-06	-1.228015778868964e-06	-3.80181361782939e-07	1.809443658329322e-07	-4.836766956509026e-07	2.896097247125766e-07	
0.001020011906140537	6.189994641503666e-05	-5.253728981843245e-06	7.382092482389238e-06	4.377344436964431e-07	1.349501360958589e-06	-9.047422196010474e-08	-1.346770476240333e-06	2.678872836885423e-07	
0.001022690635421445	6.472498857649242e-05	-4.71922506142258e-06	6.209921119851845e-06	-2.353612143227683e-07	1.251467322907203e-06	6.822029391838099e-07	-1.283937859854028e-06	-3.92962524766149e-07	
0.001028695157465391	6.434694114094066e-05	-4.564936631397287e-06	7.561345028251904e-06	-4.690847617719646e-09	-1.143420276787879e-06	1.464476162356903e-07	-6.952179191117097e-07	-1.136309079077314e-07	
0.001033359138360559	6.544154116288099e-05	-5.302969558383995e-06	5.401648172127586e-06	-1.295273027176739e-06	-1.999187767587733e-06	5.823890575192053e-07	-6.655262094693134e-07	3.929598782391665e-07	
0.001039685184279648	6.493841458873293e-05	-6.403521091356305e-06	4.798606615779769e-06	-8.398023461838497e-07	-1.884940443067649e-06	3.837906675370696e-07	-1.473571899616762e-06	5.677951138174476e-07	
0.00104322265186939	6.696278373919205e-05	-6.166825451076967e-06	4.529107926399677e-06	-2.301344602025205e-07	-8.265916513426101e-07	1.163247140768747e-06	-1.745060861083038e-06	9.04248753359285e-08	
0.001049476768417506	6.662284816346671e-05	-7.343774033250246e-06	3.85734968600209e-06	-1.118563590323038e-06	-5.270170119718721e-07	4.412508551901379e-07	-2.438079313829664e-06	2.651440952993279e-07	
0.001054162980678498	6.768373511978278e-05	-7.342591261209193e-06	3.389123366480196e-06	-1.563576614402044e-06	-1.455735100086709e-06	7.986085461228809e-07	-1.978855923736176e-06	5.310067154895302e-07	
0.001057991192066744	6.949350263278959e-05	-7.326431194031666e-06	2.432112571388755e-06	-3.838502980429318e-07	-7.251503723103651e-07	1.84833511952772e-06	-2.131382797785975e-06	-9.848134778000854e-08	
0.001064172851934222	6.925347808945443e-05	-9.123347221134966e-06	1.566971934087096e-06	-8.755513228733571e-07	1.693469130442386e-06	1.298608927123299e-06	-3.459154866340994e-06	6.930263307738931e-08	
0.001067697330747373	7.164667055776201e-05	-9.491386843402585e-06	-1.640056199979584e-06	-3.531282827212398e-06	1.190271055524214e-06	1.355343901365877e-06	-3.784664259393807e-06	-5.572242412507609e-07	
0.001071522492192521	7.361673873184465e-05	-9.663531508129972e-06	-3.182937813057104e-06	-5.735622302891213e-06	4.118995171519708e-07	1.244768112443459e-06	-3.549494032281843e-06	-8.020350931077854e-07	
0.001075510226574538	7.523633345694657e-05	-1.00186833650558e-05	-2.686559523737104e-06	-6.456886738630626e-06	1.870511530891345e-06	1.344567182229422e-06	-3.472199132250345e-06	-5.824989198138211e-07	
0.001078632386855495	7.757499802742951e-05	-9.268687941936226e-06	-2.219687432232145e-06	-6.778823087152008e-06	1.102451972345192e-06	1.776627533914466e-06	-2.860181102035518e-06	-5.985758875212451e-07	
0.001081678158415982	7.996058023429103e-05	-9.041936431412336e-06	-2.523150948312704e-06	-6.36324419673078e-06	1.578321654819426e-06	2.363861477469395e-06	-2.682341711041708e-06	-1.209115795933213e-06	
0.00108600135596225	8.134320932543422e-05	-1.003068063566963e-05	-5.418504752189627e-06	-7.910696022937059e-06	1.043244264778216e-06	2.075990770872198e-06	-3.647018451847155e-06	-1.176686777521469e-06	
0.001088504307098077	8.410801108492656e-05	-8.369274432657892e-06	-2.31860806789438e-06	-9.220829830192126e-06	-4.349132557550394e-07	1.55478233245395e-06	-2.00990117861992e-06	-1.983911507387081e-06	
0.001093243330529524	8.478594943898882e-05	-7.943328788420468e-06	-3.200910569652717e-07	-1.022519452922528e-05	-2.952294692815786e-06	8.483754719465793e-07	-9.584528350270245e-07	-1.205482816077774e-06	
0.001096211055028673	8.715688924481665e-05	-7.644300411683827e-06	-1.192609094901481e-06	-9.217280596590285e-06	-3.260131395481672e-06	1.586058705898166e-06	-1.066818336562516e-06	-2.151986371504442e-06	
0.001101722249772806	8.725779146686203e-05	-7.843824621254516e-06	7.09615583684436e-08	-1.154705171431177e-05	-5.900090946382662e-06	2.214933164069535e-07	3.874720627974362e-09	-1.607266430904606e-06	
0.001105708679361867	8.859748137352893e-05	-6.411024790324189e-06	3.034461993916083e-06	-1.153456499303012e-05	-8.73456881112627e-06	-2.096573550128032e-07	1.365788337438974e-06	-2.093540693963869e-06	
0.001109742378743921	9.010044825270163e-05	-6.877938204939949e-06	2.244513493919672e-06	-1.265803257375868e-05	-8.983595574765202e-06	-3.201195921073819e-07	1.187902873130285e-06	-2.256339039650879e-06	
