1e-14
0.0001414141414239394
0.0002828282828378788
0.0004242424242518182
0.0005656565656657576
0.0007070707070796971
0.0008484848484936364
0.0009898989899075757
0.001131313131321515
0.001272727272735455
0.001414141414149394
0.001555555555563333
0.001696969696977273
0.001838383838391212
0.001979797979805151
0.002121212121219091
0.00226262626263303
0.00240404040404697
0.002545454545460909
0.002686868686874848
0.002828282828288788
0.002969696969702727
0.003111111111116666
0.003252525252530606
0.003393939393944545
0.003535353535358485
0.003676767676772424
0.003818181818186364
0.003959595959600303
0.004101010101014243
0.004242424242428182
0.004383838383842121
0.00452525252525606
0.004666666666669999
0.004808080808083939
0.004949494949497878
0.005090909090911818
0.005232323232325757
0.005373737373739697
0.005515151515153636
0.005656565656567576
0.005797979797981515
0.005939393939395454
0.006080808080809394
0.006222222222223333
0.006363636363637273
0.006505050505051212
0.006646464646465152
0.006787878787879091
0.00692929292929303
0.00707070707070697
0.007212121212120909
0.007353535353534849
0.007494949494948788
0.007636363636362727
0.007777777777776666
0.007919191919190606
0.008060606060604545
0.008202020202018486
0.008343434343432425
0.008484848484846364
0.008626262626260303
0.008767676767674244
0.008909090909088183
0.009050505050502122
0.009191919191916061
0.00933333333333
0.009474747474743941
0.00961616161615788
0.009757575757571819
0.009898989898985758
0.0100404040403997
0.01018181818181364
0.01032323232322758
0.01046464646464152
0.01060606060605545
0.0107474747474694
0.01088888888888333
0.01103030303029727
0.01117171717171121
0.01131313131312515
0.01145454545453909
0.01159595959595303
0.01173737373736697
0.01187878787878091
0.01202020202019485
0.01216161616160879
0.01230303030302273
0.01244444444443667
0.01258585858585061
0.01272727272726455
0.01286868686867849
0.01301010101009242
0.01315151515150636
0.0132929292929203
0.01343434343433424
0.01357575757574818
0.01371717171716212
0.01385858585857606
0.01399999999999
