1e-14
0.0001212121212219192
0.0002424242424338384
0.0003636363636457575
0.0004848484848576767
0.0006060606060695959
0.0007272727272815151
0.0008484848484934343
0.0009696969697053535
0.001090909090917273
0.001212121212129192
0.001333333333341111
0.00145454545455303
0.00157575757576495
0.001696969696976869
0.001818181818188788
0.001939393939400707
0.002060606060612626
0.002181818181824545
0.002303030303036464
0.002424242424248383
0.002545454545460303
0.002666666666672222
0.002787878787884141
0.00290909090909606
0.003030303030307979
0.003151515151519899
0.003272727272731818
0.003393939393943737
0.003515151515155656
0.003636363636367575
0.003757575757579494
0.003878787878791414
0.004000000000003332
0.004121212121215252
0.004242424242427171
0.004363636363639091
0.00448484848485101
0.004606060606062929
0.004727272727274848
0.004848484848486767
0.004969696969698686
0.005090909090910606
0.005212121212122525
0.005333333333334443
0.005454545454546363
0.005575757575758282
0.005696969696970202
0.005818181818182121
0.005939393939394039
0.006060606060605959
0.006181818181817878
0.006303030303029798
0.006424242424241717
0.006545454545453635
0.006666666666665555
0.006787878787877474
0.006909090909089393
0.007030303030301313
0.007151515151513231
0.00727272727272515
0.00739393939393707
0.007515151515148989
0.007636363636360909
0.007757575757572827
0.007878787878784748
0.007999999999996666
0.008121212121208586
0.008242424242420505
0.008363636363632423
0.008484848484844343
0.008606060606056263
0.008727272727268183
0.008848484848480101
0.00896969696969202
0.00909090909090394
0.009212121212115858
0.009333333333327778
0.009454545454539698
0.009575757575751615
0.009696969696963535
0.009818181818175455
0.009939393939387373
0.01006060606059929
0.01018181818181121
0.01030303030302313
0.01042424242423505
0.01054545454544697
0.01066666666665889
0.01078787878787081
0.01090909090908273
0.01103030303029465
0.01115151515150656
0.01127272727271848
0.0113939393939304
0.01151515151514232
0.01163636363635424
0.01175757575756616
0.01187878787877808
0.01199999999999
