0.00053 0.00065 0 0
0.00053 0.00135 0 0.00065
0.00097 0.002 0.00053 0
0.00053 0.00065 0.0015 0
0.00053 0.00135 0.0015 0.00065
0.00097 0.002 0.00203 0
0.00053 0.00065 0.003 0
0.00053 0.00135 0.003 0.00065
0.00097 0.002 0.00353 0
0.00053 0.00065 0.0045 0
0.00053 0.00135 0.0045 0.00065
0.00097 0.002 0.00503 0
0.00053 0.00065 0.006 0
0.00053 0.00135 0.006 0.00065
0.00097 0.002 0.00653 0
0.00053 0.00065 0 0.002
0.00053 0.00135 0 0.00265
0.00097 0.002 0.00053 0.002
0.00053 0.00065 0.0015 0.002
0.00053 0.00135 0.0015 0.00265
0.00097 0.002 0.00203 0.002
0.00053 0.00065 0.003 0.002
0.00053 0.00135 0.003 0.00265
0.00097 0.002 0.00353 0.002
0.00053 0.00065 0.0045 0.002
0.00053 0.00135 0.0045 0.00265
0.00097 0.002 0.00503 0.002
0.00053 0.00065 0.006 0.002
0.00053 0.00135 0.006 0.00265
0.00097 0.002 0.00653 0.002
0.00053 0.00065 0 0.004
0.00053 0.00135 0 0.00465
0.00097 0.002 0.00053 0.004
0.00053 0.00065 0.0015 0.004
0.00053 0.00135 0.0015 0.00465
0.00097 0.002 0.00203 0.004
0.00053 0.00065 0.003 0.004
0.00053 0.00135 0.003 0.00465
0.00097 0.002 0.00353 0.004
0.00053 0.00065 0.0045 0.004
0.00053 0.00135 0.0045 0.00465
0.00097 0.002 0.00503 0.004
0.00053 0.00065 0.006 0.004
0.00053 0.00135 0.006 0.00465
0.00097 0.002 0.00653 0.004
0.00053 0.00065 0 0.006
0.00053 0.00135 0 0.00665
0.00097 0.002 0.00053 0.006
0.00053 0.00065 0.0015 0.006
0.00053 0.00135 0.0015 0.00665
0.00097 0.002 0.00203 0.006
0.00053 0.00065 0.003 0.006
0.00053 0.00135 0.003 0.00665
0.00097 0.002 0.00353 0.006
0.00053 0.00065 0.0045 0.006
0.00053 0.00135 0.0045 0.00665
0.00097 0.002 0.00503 0.006
0.00053 0.00065 0.006 0.006
0.00053 0.00135 0.006 0.00665
0.00097 0.002 0.00653 0.006
