   1.8595672907893405e+01   6.2906351914462277e+00   6.7478367087531424e+01   3.2589495013795556e+01   9.5806951374547339e+01   1.9716194918538386e+00   2.7281929789930803e+01   2.0031624808357346e+01   8.9998039258233661e+01   2.1066769371322714e+01   2.3480286714635210e+00
   1.0480855837183782e+01   2.2407620944053979e+00   3.4757173783025834e+00   1.1679996963592596e+02   9.6230929747733370e+01   8.4833234202629608e+00   2.8038915036739187e+01   1.6075913111891104e+01   1.0904152299578904e+02   3.0520733433014414e+01   5.1056378722045848e+00
   9.3464098761152492e+00   3.4389328199221261e+00   3.9210167478951853e+01   1.3584139947901230e+02   4.8385786193144085e+01   4.6984989099922974e+00   2.1848157678847954e+01   9.2466170425054379e+00   1.0798221872175293e+02   0.0000000000000000e+00   5.2669374864885024e+00
   2.0511364743737253e+01   6.4681737656988290e+00   7.0105545913830710e+01   8.0728434410696877e+01   2.9363159767910815e+01   7.3370368931203629e+00   2.6068524255097220e+01   1.3348556854283981e+01   5.1789248825522456e+01   3.1136242579502117e+01   6.3100263805077716e+00
   2.7217206312828971e+01   6.6226986718652014e+00   5.9423637455564176e+01   1.0947615256903779e+02   8.8586784001221730e+01   5.9005425545333914e+00   4.8196520595445705e+01   1.6850242488677626e+01   6.6501369386558295e+01   1.9005604838242679e+01   2.7532577847722748e+00
   5.7413420492567013e+00   5.2945763036020930e+00   5.1207570516487237e+01   1.2214371022685640e+02   1.0005209962602029e+02   6.7131175530255334e+00   2.4850101669214528e+01   2.1972498463579100e+01   5.0000786490098328e+01   1.2475315534739945e+01   5.5357508522356280e+00
   1.3940027065579988e+01   4.8823395580992077e+00   6.0313974333787613e+01   8.9232525452958427e+01   9.3043073296847780e+01   2.6609384123605770e+00   3.1101032841942533e+01   9.9318796340815574e+00   9.9471893399957452e+01   2.3314381206220311e+01   4.6494439180054838e+00
   1.6346387567852904e+01   3.0297314491393710e+00   7.4923240748649789e+01   1.1105369270850919e+02   9.8664261138660180e+01   7.3986138376747306e+00   2.0888366788882749e+01   2.2441789321405956e+01   5.1507791289313580e+01   2.5357387606022559e+01   7.7363570861446798e+00
   3.7729563511423354e+00   5.3195620795087795e+00   5.4346206180928014e+01   1.2651274240688107e+02   3.9216658656872013e+01   7.7816253177961681e+00   2.0319423575361938e+01   3.0354741730069044e+01   1.2200105553233823e+02   1.9807871944930994e+01   5.5543596415074781e+00
   2.2446483998655850e+01   2.6133570760394043e+00   3.5116046364712005e+01   7.7521555805159295e+01   9.3193136909202721e+01   8.4860280834249480e-01   2.1905001514263084e+01   1.2823105538606608e+01   7.2328412159990137e+01   1.0986243090462684e+01   3.8574872932732012e+00
   1.4168983530099357e+01   5.0264506537867648e+00   4.7308047618592134e+01   1.4187327894855468e+02   5.7620191683872292e+01   4.5815871351416639e+00   2.9831939223397491e+01   1.8002399878206162e+01   6.9391173697183177e+01   3.3569793330299788e+01   4.4772818846434497e+00
   2.9504875617259692e+01   4.5229396450136150e+00   4.6725777756289830e+01   1.5129131153891117e+02   5.8189993781056899e+01   3.6473326962653738e+00   1.7936485228252433e+01   1.1953097931735869e+01   1.5367445120069388e+02   2.5053469880148860e+01   3.8594251809384863e+00
   1.4325583758206955e+01   5.9980796280714577e+00   7.0005513714505113e+01   1.2321101126402321e+02   2.7792509600865664e+01   5.2357732256750849e+00   8.7812261370018696e+00   6.2605134151880879e+00   1.6449209367931905e+02   1.7422137008459295e+01   7.8309947694535618e+00
   1.9598810247398550e+01   3.3054318549012347e+00   5.9795262003245440e+01   1.1209781219787266e+02   1.0897554607231551e+02   3.2581005622714958e+00   2.5379369088243322e+01   2.3383904328725858e+01   7.7745331578647352e+01   3.3653742619604408e+01   3.9099347801558841e+00
   9.3723529651223600e+00   5.1324571943671735e+00   6.2645058227484213e+01   6.9266827166210845e+01   8.0698614070548103e+01   5.4764353075497292e+00   2.1115845945004239e+01   1.9213115819501223e+01   1.0050302423504095e+02   2.6486770121854359e+01   1.7067659857271655e+00
   1.2783551201464746e+01   5.4026178931834732e+00   5.4221102415761109e+01   1.2951653479526050e+02   1.0602308379906890e+02   6.1012065680350203e+00   2.7354183087304158e+01   1.2740644922218952e+01   1.5869144105302789e+02   1.2690499396726441e+01   4.5329559159511748e+00
   9.1990482064096994e+00   2.4925503883365026e+00   4.3469930332860756e+01   6.7402095871168285e+01   1.2153151402692251e+02   5.4089992065265999e+00   2.5652700172160031e+01   1.6093278626496062e+01   8.5862722558722467e+01   2.8629439977107687e+01   7.2368043126042547e+00
   1.9489357023882317e+01   4.3068696013049905e+00   5.2393901100167618e+01   1.6930992687415883e+02   4.0588646782584760e+01   4.6957999437676126e+00   3.1264876505959489e+01   1.4249608752642672e+01   1.5154899843371243e+02   8.2348486443914268e+00   6.2712532572189428e+00
   2.5482196869672272e+01   6.7859099963487282e+00   5.5672652072800169e+01   1.3066516322921333e+02   9.5001671382117507e+01   2.3953738391259844e+00   3.2759400615966378e+01   7.6316003615896957e+00   1.2543195784530897e+02   1.4460104122202406e+01   5.2675106601686039e+00
   1.2989331351613414e+01   4.2315094259949682e+00   2.1637720723032018e+01   1.2116452515287540e+02   7.4958003671152966e+01   5.0413568186229147e+00   1.3372828541030167e+01   1.7763568394002505e-15   1.0319621527464029e+02   2.4666950373479452e+01   8.5274609890376478e+00
   1.9778037738892294e+01   3.5071307332211301e+00   5.4875218724495440e+01   9.7257694119639496e+01   1.0329207987451866e+02   3.9049616220411947e+00   1.1640529800959451e+01   1.5229152092082815e+01   9.1307296986206566e+01   2.6858907585568268e+01   3.7558933497649489e+00
   1.3577759248478873e+01   4.8236882351047230e+00   7.0655490615038232e+01   3.2528150980534619e+01   1.0920435703646626e+02   2.4157661954642617e+00   2.9290983148914506e+01   1.2999746104220204e+01   1.5084044235213503e+02   2.3982940013058183e+01   5.4584281818167888e+00
   1.7574923824760223e+01   3.5648039358925718e+00   4.8783090296741541e+01   6.8135351757824438e+01   1.0042547023480179e+02   4.8178266930827656e+00   2.7583924549719253e+01   1.2386361843507849e+01   1.2226781829000328e+02   7.0737812123111645e+00   3.1846161938730599e+00
   2.4786274021440391e+01   4.8004359797454752e+00   8.4245909634882523e+01   1.2481399457868494e+02   5.0357954502585301e+01   4.5163844162863436e+00   1.6738130942243892e+01   1.0939538920107420e+01   8.3171651199042344e+01   3.0297733257811192e+01   3.3533459947943314e+00
   1.7694713517401059e+01   3.8062305074980349e+00   6.2918440043991779e+01   1.9914388410607529e+02   7.1482028357270138e+01   5.3056423151372050e+00   3.5690812733373434e+01   5.7218101082410442e+00   1.1300668109546389e+02   3.4036819648450475e+01   4.2452348835327953e+00
   1.0068248181257992e+01   4.0065427593135077e+00   4.2245860600844686e+01   1.3842714266362728e+02   8.3421457789015037e+01   6.8776108796416713e+00   2.5203439420722798e+01   1.2681371346257443e+01   7.6038011383816809e+01   3.3239991089266475e+01   6.2397379535308897e+00
   1.1252891714540439e+01   4.8307929651546369e+00   4.7860625288508921e+01   1.2279583493421214e+02   1.7188745670764044e+02   6.0602498600857375e+00   2.5991970248800463e+01   1.6351399179748963e+01   1.0591425710646797e+02   1.8574541308861356e+01   9.0677721309982058e+00
   1.5782326437141544e+01   6.3817335663461803e+00   4.5305031405635347e+01   9.1869740083122409e+01   1.1283919159992550e+02   7.4933531378808054e+00   2.7301344436695171e+01   9.7800147810326870e+00   1.4614851039559215e+02   2.0063579265258397e+01   6.5440026970831893e+00
   1.5638685233107305e+01   4.8154562870737871e+00   5.6187232950186001e+01   1.1598912326405767e+02   1.4627752058150793e+02   3.4956350289466513e+00   3.1482974097126181e+01   1.7904242311943467e+01   1.1705419890281108e+02   1.4801114357512208e+01   2.7840013206418277e+00
   1.1195472283808316e+01   6.8738710703290291e+00   6.7011408571279460e+01   1.4648903712168450e+02   8.8017011077569819e+01   3.2299136802906125e+00   3.8190730442275068e+01   1.4018657886158293e+01   7.9479602571063779e+01   2.5499623598089073e+01   4.5250892146329100e+00
   1.8092678767358727e+01   5.4858060699610744e-01   4.4952815455918589e+01   1.0232734940411831e+02   8.1822577683947230e+01   4.7418168975334014e+00   2.2634798577545215e+01   1.4939130768754088e+01   1.1170497572066431e+02   2.5515818866791566e+01   3.8227852435767620e+00
   2.5249466564349010e+01   3.2651946402120346e+00   6.0767683051537446e+01   1.8023795133029409e+02   9.4089269354301933e+01   7.6454564597027144e+00   9.8458483996456092e+00   7.8068747689422029e+00   8.1279450557209799e+01   1.6876903443537614e+01   4.3485768392949238e+00
   1.5246521988448951e+01   4.4440647127346820e+00   8.8100607696876963e+01   6.7242146603481984e+01   5.9216668855589703e+01   7.4892231994950880e+00   3.3740847048212210e+01   1.1377680299611562e+01   1.6032971475868078e+02   3.1148653587562549e+01   7.3106535417228873e+00
   1.5553651374880419e+01   2.6012836679248212e+00   7.0737823316297835e+01   9.7888055671158767e+01   1.1329717368312620e+02   4.6811344263235082e+00   1.6837609997345645e+01   1.7687445434652187e+01   4.9396053862923523e+01   3.0579919373165730e+01   5.6964092071412074e+00
   2.3920066674334048e+00   1.8429838741828317e+00   6.8498947220507986e+01   1.1345275203831167e+02   7.0530076829533385e+01   3.7557837669887451e+00   3.5745480568449665e+01   1.1240566930486766e+01   8.2393587714053055e+01   2.8933911851315521e+01   6.9313243235562592e+00
   1.1797232329861238e+01   5.0995902283517411e+00   3.3931968735129900e+01   4.0602544125931033e+01   3.3364291364471889e+01   1.9411303934433248e+00   1.9782940115342917e+01   1.6352480318770528e+01   1.2402514672986842e+02   1.7028941092436700e+01   6.1509360647181328e+00
   7.7190707037182111e+00   5.0921349568303285e+00   3.9846098613818207e+01   1.3207925909774457e+02   1.0196491283605468e+02   6.2480408467959023e+00   3.7903241627009976e+01   2.6109618632686093e+01   7.7714388434409599e+01   1.2091396137657426e+01   3.3433537658053867e+00
   1.4356324098859471e+01   4.5359106952282851e+00   5.6217397735924280e+01   1.1437375611878895e+02   2.7406269047214025e+01   4.9731543273522743e+00   1.7897832528507607e+01   1.9756390178438728e+01   1.0210135238918750e+02   2.8892547954202598e+01   6.8091631235238541e+00
   2.0366015329519762e+01   4.7181559486670928e+00   4.8983949117778920e+01   1.1447929811341187e+02   1.8978983846338174e+01   2.6146381304576880e+00   1.5227893483228867e+01   2.1056973375621695e+01   1.2062359787209202e+02   3.5602044045783586e+01   2.2223978536024629e+00
   2.6941611109555488e+01   2.5404006798677772e+00   1.6854912744154078e+01   1.4040458419298753e+02   8.4163168297995270e+01   4.2710357498140787e+00   3.3248651114626540e+01   2.8164043082233736e+01   1.3817169356327611e+02   1.2499674151354400e+01   6.5457072057346792e+00
   2.8755583728936926e+01   3.1818753793266366e+00   1.9186507489673470e+01   1.4944498627019263e+02   4.6283702242021072e+01   1.3345080306382080e+00   1.3047047758840817e+01   2.1798473365046625e+01   7.4608987992150361e+01   4.7514895244214799e+00   6.1432664182816517e+00
   1.6131576740362139e+01   3.8545608414904540e+00   7.2733743168986535e+01   1.4067606511977041e+02   4.7511762131792416e+01   5.7729481858673086e+00   3.0842259992659510e+01   1.7620847078922587e+01   9.6638600027683864e+01   3.5508291064930170e+01   7.1501954172369873e+00
   1.4791574853225381e+01   2.8547666687042161e+00   3.5126577889789374e+01   9.4526251852475113e+01   7.0398083577922250e+01   4.5864873983645964e+00   2.8728386287096143e+01   2.5966424224371874e+01   8.7858353829180359e+01   2.2867464033157685e+01   2.0829505085305060e+00
   2.2290086783144123e+01   4.6090251046042043e+00   9.4909502753030125e+01   1.0985732135730488e+02   6.0404877324343786e+01   8.1326822011102049e+00   2.3668464709858135e+01   1.0624262024768075e+01   9.8257479937698122e+01   3.3328300720999827e+01   4.5281442259283198e+00
   2.0132519610186865e+01   8.1070888540393575e+00   4.2735420917499880e+00   1.2438280523820298e+02   6.8538746469182882e+01   2.2578266868336292e+00   2.1942048629660938e+01   1.1819573146781806e+01   1.1233056449586331e+02   3.1705403836150591e+01   4.9736076448406177e+00
   2.1945614290939325e+01   3.2084679690418154e+00   6.0563625769034424e+01   6.5915160943728637e+01   8.3663639917979424e+01   6.8347367849175402e+00   4.2834618954645606e+01   2.6326584104440968e+01   8.3583284179126437e+01   1.3103514749742414e+01   5.1393644411276345e+00
   2.2031479354280627e+01   5.1519114580946699e+00   5.1118452550760516e+01   7.3931196868640967e+01   3.9632220528305616e+01   5.2104443408698344e+00   2.1654675104358297e+01   1.7924921822637973e+01   1.2485901636412665e+02   1.9743033129878278e+01   6.6996588372918708e+00
   7.1454504553937142e+00   2.2585008521189627e+00   3.5166373849710439e+01   9.6046232088949608e+01   3.7929662714334022e+01   5.0905451487644813e+00   2.3259766858815240e+01   1.5257964876662394e+01   1.1399497513037093e+02   1.6341299475204924e+01   6.3464587991823738e+00
   2.0463412592871144e+01   6.3425769027146837e+00   5.9627010870897408e+01   1.1436918899106752e+02   1.1178085081603157e+01   6.3360897343783273e+00   1.6741858280332426e+01   1.7945465348373318e+01   8.7839202567623630e+01   2.4904406780857947e+01   6.2485822686195558e+00
   1.6298623887819431e+01   2.3708128234970451e+00   3.4373611294724107e+01   1.7657701062969147e+02   6.3420363683119135e+01   7.2727518526615986e+00   1.7832662345940175e+01   1.4065147564318005e+01   1.0960930736422944e+02   3.3231210084323763e+01   5.2965569219429565e+00
   1.1891222894579613e+01   4.3971376843636634e+00   6.9226481954510973e+01   1.4049736702547204e+02   9.5651579628904415e+01   2.8242913716145672e+00   1.9834053379981725e+01   1.3915583310828119e+01   1.3021546503665394e+02   2.3860464302439805e+01   8.3075029494262438e+00
   1.2330549900787172e+01   2.9738764644021414e+00   5.2514625547905347e+01   9.5482051788060105e+01   5.3883525557942548e+01   7.5191229202449001e+00   3.9801882934352399e+01   1.3406239923812993e+01   1.3047382451258099e+02   5.6642215068023170e+00   4.2839248991278867e+00
   2.5347863448719693e+01   4.9189200064226819e+00   1.6552697899518932e+01   8.8707033078767239e+01   9.0670933542399197e+01   2.5513560472310011e+00   2.1516356442514144e+01   1.2508055458577404e+01   1.2102141848221872e+02   3.3813504835695205e+01   5.1409657321686071e+00
   1.1565072284647457e+01   4.0576068867975961e+00  -7.1054273576010019e-15   1.6724058154546714e+02   9.1862535190223667e+01   2.8182941096199241e+00   1.8907156644775299e+01   1.0414366296889970e+01   9.9689896802584059e+01   2.3410506259098188e+01   3.7780494803209068e+00
   8.7502397821893432e+00   3.9623978881932853e+00   4.5123113065920506e+01   2.1080279556920394e+02   1.0563001192860858e+02   3.6071060482514570e+00   2.1013048258845796e+01   1.5162642601668384e+01   8.3540128279536376e+01   1.9509603479283687e+01   4.8138772348194072e+00
   1.8316915328179782e+01   9.1115460025271560e+00   7.5254849621084034e+01   1.1762871513537466e+02   1.0558805058142029e+02   6.3749811378214005e+00   3.1136502581701428e+01   1.2396897169978390e+01   1.0810088541840462e+02   5.6377651677994187e+00   6.3965116552114409e+00
   3.0154675349595685e+01   2.9541735707121615e+00   5.4923671853279401e+01   9.4161674516072310e+01   5.4293790083248126e+01   2.8264546134188193e+00   1.3459095343443451e+01   2.3229919960160508e+01   8.8019423565234078e+01   2.6543748812681152e+01   2.4698044191232786e+00
   1.7070371314690693e+01   3.9574247454996998e+00   5.2248661495876661e+01   6.0256191147148840e+01   4.9159030686143922e+01   5.5857915598963137e+00   3.0376725613601995e+01   1.6749421464254368e+01   9.1919377777271606e+01   2.5457211000841593e+01   5.3214897115941397e+00
   1.8933906111536910e+01   8.6538175040654970e+00   6.5600700282715593e+01   1.4695048558902428e+02   7.6827036637129709e+01   5.7373788976841080e+00   1.3323573459416684e+01   2.0971072769499273e+01   1.2848695772731230e+02   2.6245468576686626e+01   3.4601091443202727e+00
   1.0718082563623785e+01   2.0653640576486247e+00   2.1737098791370666e+01   1.2206864813740783e+02   5.5026969256533441e+01   5.2310319322167498e+00   2.3776608091860993e+01   1.4732970691533183e+01   1.4367985803333337e+02   1.4289405266528828e+01   6.5227755442091997e+00
   2.7936480624837142e+01   4.9894252981859761e+00   8.1146985791720155e+01   1.5386456440345802e+02   1.1975062500760828e+02   6.0176745711497768e+00   9.0080650103753577e+00   1.5046052688593717e+01   1.1891572293644575e+02   1.7225603212019166e+01   9.8584482854507005e-01
   1.7725725904230039e+01   2.1861881773024439e+00   3.2265996886723471e+01   7.8554344957805455e+01   1.1752257464095391e+02   2.6243479299690380e+00   2.9582593813160795e+01   2.2243559406607670e+01   1.6131760491688672e+02   1.5654425687897584e+01   1.0056661043114143e+00
   2.0395772478745155e+01   5.8111348629480926e+00   5.1901204152757714e+01   1.2028425168245666e+02   7.8255826120534707e+01   6.9075765277930561e+00   3.0949187423332010e+01   2.3373240193295363e+01   5.7089787656717483e+01   3.8474384385486360e+01   8.2035171126090560e+00
   1.0626990102313224e+01   4.6015397494340817e+00   4.3442485922480401e+01   8.7800918468981607e+01   6.2293002221792591e+01   5.1512777116371415e+00   1.8929061607163508e+01   1.5661113118556166e+01   1.0224098319959438e+02   1.6463993952951995e+01   4.6371550600861688e+00
   2.2530828328590147e+01   5.1599568562147136e+00   5.4257384333400900e+01   1.5784214493035699e+02   9.0960695269547656e+01   6.3623867898570392e+00   2.7681313461635085e+01   2.4576286958761990e+01   1.0435308569646541e+02   2.1727773300586318e+01   9.8004226510293080e-01
   1.9466753336116152e+01   3.5583349270163986e+00   1.0121608591380571e+01   9.1535567413113966e+01   5.5289207566410198e+01   2.9962743508612308e+00   2.6333953540532079e+01   1.8039805882076994e+01   1.4855303108561364e+02   1.5875406991663963e+01   1.5473153040890959e+00
   9.2828956712557407e+00   4.4598891692836240e+00   8.3223636194045881e+01   1.0837529128891495e+02   7.1526910935134069e+01   5.0304896231979308e+00   3.5009126007121061e+01   1.7463927387266327e+01   1.1616467926226470e+02   3.1074410795572380e+01   4.7628189935817762e+00
   1.7163867338786631e+01   6.5713127547106716e+00   6.2609027536434844e+01   9.8919858898175448e+01   5.9134457789277519e+01   6.6522302100158832e+00   2.6033938721136785e+01   2.7259764249189015e+01   9.2159301664650854e+01   2.3284444239345881e+01   5.5556438954774690e+00
   1.3932109826772695e+01   1.2410209149667484e-01   9.3467505229467164e+01   1.4763944110218728e+02   7.8575226577727221e+01   6.9204518643637840e+00   3.3967191492959572e+01   2.3733981563480853e+01   1.1770498541921255e+02   2.4002492249904968e+01   5.6162849002230617e+00
   1.7621984122473997e+01   1.2282415301803504e+00   8.0963723983920545e+01   1.2710541207498724e+02   1.0983569619190465e+02   4.7625856130389765e+00   2.3899185361514533e+01   2.0358030223301959e+01   1.2027180687296908e+02   3.1316357738190359e+01   7.0829642294596713e+00
   1.5250584895597921e+01   4.7528258495281301e+00   5.1347228542642824e+01   7.5087517726378792e+01   9.8041625154161025e+01   1.2872125547324318e+00   1.9270860498248130e+01   1.7645124366068714e+01   1.0689411463734390e+02   2.9086764639367580e+01   5.6070275635417630e+00
   1.5650328826693288e+01   2.9116419377903924e+00   3.1313377526008878e+01   8.8576435292854654e+01   1.1030189177423208e+02   2.7736909530755183e+00   2.4585258254117562e+01   1.2591918697877084e+01   4.2594683943588166e+01   3.0021303401451945e+01   4.7898385231250495e+00
   1.0094149517186246e+01   3.5282508187644175e+00   1.4455143060429499e+01   7.3579772586777239e+01   4.7390048902693643e+01   5.3577499698787125e+00   2.3180339238888877e+01   1.4865204780781665e+01   1.3134585655389296e+02   5.3882528169975963e+00   7.0442890373587241e+00
   1.4771171277679780e+01   1.4628488819695189e+00   5.1462945010589344e+01   1.2991108429004669e+02   8.0843593727060835e+01   6.4884910393768305e+00   3.2593231140123130e+01   2.5272089548620983e+01   0.0000000000000000e+00   2.5244101050639316e+01   9.0772949758231718e+00
   2.1954022221416128e+01   2.4814415131181082e+00   5.5724364188021653e+01   1.2360217403253698e+02   4.5292284633609640e+01   5.8380375962555329e+00   2.4427102903389965e+01   4.6244483491952142e+00   1.0476635276526260e+02   3.1543126170620422e+01   4.9912619428492180e+00
   2.8400854865039058e+01   3.3427398887576074e+00   7.3147500645216127e+01   5.2167916781780782e+01   8.7110178290814190e+01   3.7248323027731445e+00   1.7590795072005317e+01   1.2062255598848404e+01   5.6447371761395665e+01   2.6341807077058967e+01   4.4539740473802549e+00
   9.2531125883827965e+00   2.7894466351069833e+00   3.1061864563136435e+01   4.2312489525098584e+01   8.5302859209071840e+01   9.3371649928764313e+00   2.3567662753450964e+01   1.4469885277029572e+01   9.1249529724719991e+01   3.0999016091438037e+01   7.0256266550015045e+00
   3.2571151500148460e+01   2.5474159530870359e+00   6.7856808919246888e+01   1.1008221035463744e+02   1.1496934114674893e+02   5.0703983561656862e+00   3.5265815912485991e+01   1.6280698061734171e+01   1.4226975656093373e+02   4.1290168077671836e+01   3.9177249288175515e+00
   2.6960122793661441e+01   3.3123494955434789e+00   5.2610747046031669e+01   1.3686387363336945e+02   1.0894562406748550e+02   6.6284905533014165e+00   2.1303128912658352e+01   5.9009984981080290e+00   8.6642176660180183e+01   3.3925664961562703e+01   1.9555985990290901e+00
   1.8012556009863388e+01   2.4163574318764485e+00   3.4798639546916014e+01   1.1767822318576667e+02   9.5313573564468356e+01   4.1116874310430003e+00   1.9180999136325646e+01   1.8326347418383509e+01   1.5735825360270141e+02   1.3908600326792618e+01   4.7234776716626365e+00
   1.4916733166518579e+01   6.3465838039169391e+00   6.7421883007954094e+01   5.5494463123333098e+01   5.9910596649119874e+01   2.7381012462529895e+00   3.3484201836820290e+01   1.9404332981079413e+01   1.2422755627818535e+02   1.6382284557445701e+01   5.4307364156354048e+00
   1.2297207839573097e+01   2.3376197713705578e+00   5.6704329497015323e+01   5.5203766079953084e+01   6.0799405142031944e+01   6.2743849974124632e+00   2.5797434827014101e+01   1.0433668221988423e+01   9.4410699602009814e+01   2.2360182474218529e+01   5.2307327284034670e+00
   2.2390625801220793e+01   7.1655720011706858e+00   4.6150053080054086e+01   1.4303230884627476e+02   1.2642662047263130e+01   6.9666783299369701e+00   2.1757679391285791e+01   1.4091240778208322e+01   7.5294089851845698e+01   1.7964679121576420e+01   2.6894835882882298e+00
   1.2323894369953187e+01   3.3939116029652894e+00   9.0672017167725045e+01   1.0627063791040582e+02   6.1645719196259293e+01   8.5078208016799195e+00   1.8482551557288737e+01   8.9648871981409659e+00   8.7153426720659724e+01   2.2721644769212361e+01   3.7373354927987199e+00
   1.3857735913364150e+01   1.5405711375588411e+00   6.3945894178718525e+01   9.7524795680683383e+01   2.7936162045863746e+01   3.8891372371354507e+00   1.2030077569021540e+01   2.4211369461507573e+01   1.1247626130078355e+02   3.3752871282271897e+01   3.5713602587271964e+00
   2.2725748737672195e+01   2.9737242956205563e+00   4.8781068147322728e+01   1.5933989995866756e+02   1.0376785154589174e+02   1.7303108131504730e+00   2.6251487227971406e+01   1.7490692130127698e+01   3.2614016604957854e+01   1.8903387399837850e+01   6.8578946468142172e+00
   1.9775195694963660e+01   5.6457427551520949e+00   5.6953090304688097e+01   8.2629783545767708e+01   1.0291553038095000e+02   8.1052985710725967e+00   2.2155516239723546e+01   1.4136340256155098e+01   1.1947518667152390e+02   2.0973318668548217e+01   4.6745928687007634e+00
   2.2812288317215234e+01   5.8546419587099710e+00   5.2939879968836671e+01   1.1646689163652307e+02   7.9574724180159961e+01   5.4471478078966138e+00   2.7693003407461578e+01   1.0512525161691743e+01   1.0971151843908102e+02   2.1467034316719445e+01   6.2433312047346812e+00
   2.0228567259193589e+01   4.3137207802409687e+00   5.4763991224929164e+01   1.2671945049561461e+02   6.3782092918860329e+01   2.7141197658594240e+00   1.2232928756700511e+01   1.6014163655345431e+01   1.2540451711935158e+02   2.9080737255565225e+01   6.1410096705120365e+00
   1.4259685608841821e+01   4.5325029650331023e+00   6.0665372915092291e+01   1.4131856319984269e+02   7.9720725868379461e+01   3.8298373520836302e+00   3.6426017845749847e+01   2.4532244973737406e+01   1.6114990997890175e+02   3.2138585151724499e+01   4.5505341768885632e+00
   1.3515241368493687e+01   5.1268930406525239e+00   3.8385204792524782e+01   8.0527852283089686e+01   1.2440552730978327e+02   3.3393884449740607e+00   2.9158371347122088e+01   1.6962868707802819e+01   9.2162090558429810e+01   2.2126539454441435e+01   9.5484684848114654e-01
   2.2150698593279820e+01   1.5280106033277785e+00   3.4306776583002438e+01   1.2452316188863072e+02   1.1658333080848024e+02   7.2089491628139806e+00   1.1274396804390740e+01   1.7382052318703813e+01   7.3053586295256139e+01   2.0711885718932791e+01   5.6673412882405900e+00
   1.2478220122664752e+01   3.0373292285210125e+00   5.8706474896536278e+01   2.1134475881404219e+02   6.1641514306940401e+01   6.0914072637295504e+00   3.4120458643339418e+01   9.0356336260648291e+00   1.3590052678578965e+02   3.1267224848470462e+01   6.3530043341025619e+00
   2.4723057731088073e+01   8.8957578150305983e-01   9.0836402373068580e+01   5.6613500369960306e+01   8.0495451126368678e+01   5.4051312293467930e+00   1.9799579516777818e+01   1.6376609284307548e+01   1.2760740362536774e+02   2.9492265136485702e+01   3.4243622175603541e+00
   2.2113357207169386e+01   3.2654591124099808e+00   4.4638524054723568e+01   1.2730667102738710e+02   4.1100371149344348e+01   5.4006717014211638e+00   2.7547615445128265e+01   1.9653758320522240e+01   9.7422581913278208e+01   2.7508096136185014e+01   4.9035747438435724e+00
   1.8798279629071548e+01   5.6711587655864468e+00   2.9760573533152840e+01   1.0320629958341593e+02   8.7596228360136735e+01   3.3145285610312811e+00   2.6826979453241421e+01   8.0629649438386721e+00   8.4314831154268973e+01   5.0953719590188413e+01   4.0495470353650358e+00
   1.6923208327852866e+01   5.2723242861292317e+00   4.6077550382773957e+01   8.1517905914345619e+01   9.7937234606210239e+01   6.8791427873179005e+00   1.7268941969131326e+01   2.1545361825275823e+01   1.0882277866982062e+02   2.3655504461099071e+01   8.3584220939728304e+00
   1.9311679804496730e+01   7.9739403858866273e+00   4.0903915126001088e+01   8.1340125491367331e+01   1.0285760211674867e+02   5.6087349076010291e+00   0.0000000000000000e+00   2.8728700798239164e+01   6.8711681464691338e+01   2.6268219804835084e+01   4.8761255082342618e+00
   4.0145810988085898e+01   4.3249037223448381e+00   4.4205977432895025e+01   1.2962759686152486e+02   2.8546791545574287e+01   4.4153099644621410e+00   2.9579396648860250e+01   7.1148897943323952e+00   1.0350384281451637e+02   2.2682982283064462e+01   5.3476026710313018e+00
   1.6160890311200028e+01   3.2815420194993150e-01   6.1127513893225228e+01   1.9562850042667972e+02   9.0771590801337240e+01   4.5654301877019998e+00   2.1937652976496018e+01   4.3819462309272748e+00   8.3021509971361667e+01   2.8590372745161957e+01   2.8307841700579268e+00
   6.6426413508120952e+00   6.9444323571736160e+00   4.8365207350544090e+01   8.2725587298622287e+01   4.8933553731127013e+01   4.7284314997511512e+00   1.9710055960478762e+01   1.5094145935935925e+01   7.7744455025957052e+01   1.8957119986639025e+01   3.4589992868780968e+00
   2.9524130553317121e+01   6.2440458157194199e+00   3.8578365687263471e+01   1.3119109020390806e+02   6.3838723384274779e+01   3.1857767763044214e+00   2.8563717216826401e+01   1.9562162548059014e+01   1.2974201086630364e+02   3.1892708982366081e+01   2.2099834154709930e+00
   2.0921359852544853e+01   3.0357443749281452e+00   4.1752200258754591e+01   9.1249783864291800e+01   9.9433307956364303e+01   6.3846359695222930e+00   1.8910505965878606e+01   1.5045445399305498e+01   1.0246388060432463e+02   3.8825046288272539e+01   6.4025392886613659e+00
   1.2631645897059517e+01   4.4210486257809043e+00   2.3230952100000852e+01   1.8331736997393438e+02   8.4462574905888474e+01   7.6631241329061464e+00   3.0760461286585354e+01   1.4632820229809036e+01   1.4088895458293294e+02   2.4107765663063553e+01   6.1584458760737917e+00
   3.4152452551527482e+01   5.3790033179492855e+00   3.2989553163247805e+01   1.3132546494433410e+02   7.0343291273618277e+01   9.7879943904185414e+00   2.6229942057908087e+01   1.5519060068870461e+01   6.9974571400286521e+01   2.2811318697033755e+01   3.2721773431009060e+00
   2.0533186553521048e+01   4.6999048128149212e+00   2.1324128461359109e+01   1.0654177731121749e+02   9.3892605528213423e+01   5.9181751493677508e+00   1.6283955201297410e+01   9.7649894552943852e+00   1.0857105768909874e+02   1.8632476420472187e+01   1.0743705243690048e+01
   1.8841002881757532e+01   5.2360687866413134e+00   4.0230076273481686e+01   1.3405650004322561e+02   1.2530596359678773e+02   3.3126031503168303e+00   3.2202782080950968e+01   6.6529020869902595e+00   7.1143923122789232e+01   1.9391133063489288e+01   6.7856731210897694e+00
   1.1775280170993932e+01   3.8441634878651563e+00   2.8235179622210776e+01   1.1134636269548923e+02   5.6291115203484978e+01   5.3230867483175288e+00   2.9047828385115093e+01   2.3980370712187941e+01   1.1958154168722689e+02   9.0106271565491340e+00   5.7535002679173139e+00
   9.8831324748261125e+00   3.9712833691004610e+00   3.6200823907166743e+01   1.5175101940506374e+02   3.4082611162995349e+01   2.9500310452188669e+00   3.5819369681992846e+01   1.7056099833418134e+01   1.3954884386640694e+02   2.2934577885731095e+01   8.7904138487255015e+00
   5.2465631949887346e+00   4.1896170354219908e+00   4.4747432366152324e+01   1.0481037093534940e+02   3.9824469853281151e+01   3.7237685125966093e+00   1.7143364543633492e+01   9.1042189418818111e+00   1.3135778891432196e+02   1.5949673678460751e+01   0.0000000000000000e+00
   1.4114538890025898e+01   2.6795888367543022e+00   2.5804164681277438e+01   7.0830852807367734e+01   4.6486405037843930e+01   3.6338153084798757e+00   1.7120275645148102e+01   2.1264174676563222e+01   4.0037194780932147e+01   3.3987315067164687e+01   4.7544913362542003e+00
   9.9610870579750053e+00   6.4860644766125093e+00   5.0697167303932872e+01   1.2049755159927760e+02   5.4832653079020233e+01   3.2914883221920039e+00   2.7644307562799387e+01   8.5145627545100488e+00   1.2141475421692637e+02   2.4703216377528921e+01   4.8879667248238867e+00
   2.1171214305169354e+01   4.0489664497800026e+00   5.8279078481907902e+01   1.6822968953120557e+02   9.2974094406079345e+01   5.6711723355799517e+00   3.0724256043840370e+01   1.4829992158233443e+01   1.0183430652797465e+02   2.3851575083321706e+01   5.3395967466421377e+00
   1.4808500189753737e+01   5.2190612743660010e+00   3.0803712599079130e+01   6.8100230127675758e+01   1.1597084617694691e+01   2.7373066683028577e+00   3.2126909137158066e+01   1.9463639056236552e+01   1.1130608117470814e+02   3.5191332182486789e+01   2.8498766671368223e+00
   2.8561134143593414e+01   2.5672883933977335e+00   7.4582852351306769e+01   1.0274961412685168e+02   8.2560174578780050e+01   6.2390041447412665e+00   2.4972664512227468e+01   1.0967746303958176e+01   8.5654809501654654e+01   8.4020073367604127e+00   6.0019750863601367e+00
   2.6857993565566854e+01   2.1882923233403937e+00   1.7675695613697258e+01   1.4803396762209957e+02   5.1555799627042646e+01   6.4906262433833719e+00   2.2861924372848474e+01   1.3606765531791217e+01   5.3548128136473665e+01   2.6170143045173017e+01   4.7968434485754674e-01
   1.7982915671388835e+01   3.8815781962395590e+00   4.2847593723208661e+01   4.1830094873112998e+01   1.0895578566405470e+02   6.9663220655836815e+00   3.0600502758957454e+01   1.5643337433239143e+01   1.2755534167008886e+02   1.4459569940235825e+01   5.1535697517444667e+00
   1.5038287311849167e+01   3.6032176338837845e+00   1.9813258060519409e+01   1.3425874966497747e+02   4.9197949047006318e+01   4.8881442224375409e+00   4.2022388430894040e+01   2.5972466442029017e+01   8.6828939218719711e+01   1.7958112148370134e+01   5.8200945874721448e+00
   2.4495717396577934e+01   6.0935892617393144e+00   4.3841719629676483e+01   1.3888875361289681e+02   7.5579006978533300e+01   6.1441469578034962e+00   3.2618607772261157e+01   1.7950065075559312e+01   9.1986168462977417e+01   2.5569123896407518e+01   4.8551658530626147e+00
   9.3454657592250570e+00   5.0807156252749852e+00   2.3201734625144233e+01   1.1930057579812267e+02   4.6690987762520642e+01   8.4702065477232296e+00   2.5652099954942770e+01   1.3339014808638204e+01   1.0647891311244285e+02   3.0913598005517414e+01   5.6700977357021678e+00
   2.1342204152085838e+01   4.9679479007626677e+00   3.8989743904987165e+01   8.3582189613816524e+01   5.4516346920057231e+01   5.0323788882565266e+00   1.9913333570751476e+01   1.4273366817648649e+01   1.7538338971195344e+02   1.6327111345302356e+01   3.4020423615466102e+00
   1.2491910465520084e+01   1.5522717573303741e+00   3.5493746397824324e+01   1.1129001496883305e+02   6.7396928257815020e+01   4.5788328919570267e+00   2.9267623194280667e+01   1.3978448537125939e+01   1.6831038818823103e+02   2.8056368467571094e+01   6.0425047054105496e+00
   1.4263471632923112e+01   2.3733013930063347e+00   2.6129557045414867e+01   1.1493263555812841e+02   6.8354950067633851e+01   8.4101335109169852e+00   2.0700585902228454e+01   2.2503986280933372e+01   6.3216556110865454e+01   3.5696506678616331e+01   4.1843156844793450e+00
   1.2474184777075997e+01   4.3856728173519928e+00   7.5852211686271716e+00   1.4550765703185198e+02   5.9307261596674977e+01   0.0000000000000000e+00   2.6992278372477621e+01   1.3956464937691196e+01   8.7786718637368466e+01   1.6171316311824654e+01   1.6015604253962716e+00
   2.0695839904136903e+01   3.4396017562059571e+00   6.3014742778704843e+01   1.3564113345873236e+02   1.0983472142657236e+02   4.0313580135817153e+00   3.1692674358974948e+01   1.1231016757577617e+01   1.3030725171737660e+02   1.5014735170194839e+01   4.3138213077635372e+00
   1.1773634318277871e+01   6.2574770087423159e+00   9.3261268921451119e+01   9.8832267519552943e+01   9.2162848714689105e+01   9.7024985501946546e+00   3.2964202432333558e+01   1.6776776967696339e+01   4.1269476589948646e+01   2.3289219700803020e+01   3.6910861599132065e+00
   9.8921546683071888e+00   6.3453281230160758e+00   9.7965236378347768e+01   1.7036615326852939e+02   1.3205002318711718e+02   4.0021574899417685e+00   3.0037266146823868e+01   1.4975705888140519e+01   1.3777390939459374e+02   2.8678902265109684e+01   2.8774701237378242e+00
   2.0546552045095460e+01   3.0388982500510986e+00   4.0731872357691344e+01   1.0970334248414828e+02   6.6872457531994584e+01   3.8275731283051115e+00   3.6914513418641249e+01   1.9745475449298610e+01   9.2409523486709702e+01   2.3400612306203460e+01   5.9529783005214050e+00
   1.4111182148530359e+01   5.5436135391534540e+00   5.0135675098256478e+01   8.2040375666054516e+01   1.0794925436932564e+02   2.5190138051105198e+00   4.1035574843901969e+01   2.0638341880363907e+01   1.4229118440142065e+02   1.6498400879771445e+01   5.0189685718217092e+00
   1.9285118460111413e+01   6.4387363805194680e+00   4.1288936638060598e+01   9.5630224176195028e+01   1.1185415981910126e+01   6.4859461920545165e+00   8.3918389024514148e+00   2.1324159807542600e+01   7.5982156966261172e+01   2.4359770820188555e+01   4.4254105090556450e+00
   1.4582690132606221e+01   4.5902807610991951e+00   5.2705962738480281e+01   1.4272484619303259e+02   9.4863071991925594e+01   7.8352449933122870e-01   9.4278767534273360e+00   1.8960796814982327e+01   7.4743036989988241e+01   2.5135558212440525e+01   3.8362712173443532e+00
   1.8678452476297984e+01   6.8308602505232701e+00   3.1740802259380207e+01   1.1863728138903080e+02   8.6701738788536659e+01   3.3579520296544807e+00   1.6881974122494682e+01   1.8882264764923914e+01   1.6891484016721574e+02   1.9635987945366367e+01   8.3086762773192486e+00
   0.0000000000000000e+00   5.8658312076437982e+00   1.0649608291723432e+01   1.4382328962345827e+02   6.3911334464550166e+01   6.0420416925549159e+00   7.5187926682381523e+00   2.5708712490014562e+01   1.1868824422594152e+02   1.3931354239030155e+01   7.2961181608681471e+00
   1.9972394088475760e+01   4.4064097476383193e+00   5.0337162101354991e+01   1.1406248704515137e+02   9.6601119806552887e+01   4.9254447155533825e+00   2.1806492279612108e+01   9.2523973576149849e+00   9.2568721164261547e+01   2.7062252994732308e+01   4.5574493748304352e+00
   2.9118519661730410e+01   5.5464823952860964e+00   2.5283886626686002e+01   2.0184452817681375e+02   1.0217246502852771e+02   6.1539131012223312e+00   2.1986733916876439e+01   1.3618377510724189e+01   7.1528454797611886e+01   2.3532182417394630e+01   5.1116597562680361e+00
   2.3751763572662870e+01   4.3725218971547974e+00   1.1008587811643743e+01   5.1070256333259522e+01   1.0693985158990434e+02   5.1766587662704389e+00   2.7096598884502953e+01   6.3781222216257127e+00   1.3368118004214830e+02   2.0324467004311593e+01   7.9788574746946086e+00
   2.2905543925104631e+01   3.3243138793760365e+00   1.0114612017799857e+02   9.6446899054852281e+01   8.8178804058034899e+01   6.2657718485390648e+00   2.7407773520708723e+01   2.0423171275186455e+01   1.1153404571781689e+02   1.8060500013947799e+01   8.5432753743305181e+00
   1.5321908334281810e+01   4.6547483298435743e+00   4.6187143877192725e+01   1.0849091052251569e+02   9.3719507953269883e+01   2.3992868495753132e+00   1.8941088459597548e+01   1.5599819577617021e+01   3.5713597846308119e+01   1.9165363083292636e+01   7.1546021448159411e+00
   1.8094879762493534e+01   4.1003894132218157e+00   5.9617651071877319e+01   1.1478977267953661e+02   5.4746846554653274e+01   5.3566837458438137e+00   1.7833949999641373e+01   1.3876070631162463e+01   7.5301242099133688e+01   1.6069103067603052e+01   4.2824168626898924e+00
   1.8511761788924968e+01   3.4107803919882747e+00   7.6238327877257092e+01   1.6442117579470124e+02   4.1874215367011182e+01   1.8509239446077821e+00   3.1824632844216698e+01   6.2387102685836240e+00   1.8798925012984785e+02   1.4609877868546642e+01   3.7657387349300606e+00
   1.7537258146667217e+01   7.0848477960596412e+00   1.5596426156895255e+01   1.1951733805002092e+02   6.7168387010101640e+01   6.4669535793115696e+00   2.1590149731070312e+01   1.6469563503815774e+01   1.0123860194670831e+02   3.4067830193754787e+01   6.4487881541234060e+00
   1.1428437760133498e+01   4.4187409256515142e+00   5.9812983717767260e+01   1.0737792560322954e+02   8.1049865681337707e+01   4.3181974261981502e+00   1.2976058172631532e+01   1.4088848336073962e+01   4.3407475980824280e+01   2.1350125785553843e+01   3.2009010506334219e+00
   1.4580298018731259e+01   8.7352796594135018e+00   6.1680292376875940e+01   1.1403999864548314e+02   1.0441334407342839e+02   6.2155945771941763e+00   2.5005737590458505e+01   8.2061119487856171e+00   7.5745513461366031e+01   8.7954408166988891e+00   2.7844072370151189e+00
   1.5750026339729001e+01   3.5285655259895679e+00   5.2855962399214604e+01   1.3883553970399143e+02   5.1186046690137445e+01   3.8724814012110720e+00   2.6693488641843736e+01   9.2662763340853473e+00   8.9364523269160927e+01   1.9267349354810364e+01   4.2233244372553562e+00
   1.3734022523919975e+01   5.0088597626958142e+00   5.4431087823121729e+01   8.6516259012755583e+01   6.0387265451708359e+01   5.5738643159775396e+00   2.1336929919370672e+01   1.1390697283213100e+01   1.2178858991133208e+02   3.2337292349131268e+01   6.8595537005607534e+00
   2.2417425161694812e+01   6.7607356832201813e+00   3.9978072627455660e+01   1.2791792666119940e+02   1.6626189620899061e+02   6.9988919505620917e+00   3.0694023341665755e+01   1.4139521644731465e+01   9.6845889870160775e+01   1.8846097516541008e+01   5.2578539624736225e+00
   3.3631869135724465e+01   8.7333056233951076e+00   6.6344849442039973e+01   5.4723671135508333e+01   5.6318879177103440e+01   1.0393693790126792e+00   2.6882009448892003e+01   6.6268581594162317e+00   1.0453613665080775e+02   3.8388168550484444e+01   5.4300887189711800e+00
   8.1800249737489867e+00   4.5603106396575832e+00   3.3191455851171611e+01   1.0868802375724698e+02   1.3404148510678999e+02   1.2599927145837864e+00   2.3062627057155634e+01   1.4506483174002334e+01   1.0106135996271584e+02   1.6809049155123830e+01   7.1990966452052065e+00
   1.7747819081331567e+01   2.6785523164344394e+00   3.4320262957893725e+01   7.7352993130011157e+01   1.0472523400952790e+02   1.3288103792369972e+00   2.4532547837076724e+01   1.8791675631221015e+01   7.3641715812132361e+01   1.7033096949968179e+01   5.4093508367419911e+00
   7.3954158212692551e+00   5.4201691670197718e+00   6.6392837933758571e+01   8.7843939135141568e+01   5.8298927103815359e+01   6.5952485232038374e+00   2.8905657776286475e+01   1.3460626219230722e+01   1.3570186157223173e+02   1.4668616405824539e+01   2.6483108624819134e+00
   2.5486604217295525e+01   1.7673787119281719e+00   8.6651721102926686e+01   1.2180759148588294e+02   7.2091184847688808e+01   5.7242266204068413e+00   2.1072289017056448e+01   1.1734247916322785e+01   9.0953888977943222e+01   3.3210415435089729e+01   6.6307671381221143e+00
   2.6194485053284865e+01   3.5669630975751137e+00   4.2961417173437141e+01   7.0697915038265450e+01   6.8771672715596424e+01   3.5483786097370920e+00   1.5729908117757748e+01   1.7117923333091042e+01   8.8098719173376679e+01   1.8492034155133158e+01   5.8953590339573623e+00
   5.9443453165135445e+00   4.5057800778673318e+00   4.0459967983133552e+01   7.5639829873881538e+01   8.9820078394713235e+01   7.8729963703975390e+00   2.3561215444463059e+01   2.1399245966904310e+01   1.0725383910334246e+02   2.6909869234122638e+01   4.7598673206126003e+00
   2.9712511928534752e+01   6.6006275738211926e+00   5.9706028135630618e+01   5.6508864579326584e+01   1.1708840945693967e+02   5.1989625655901648e+00   2.6040554811407656e+01   1.3084936502377365e+01   9.9633220522707973e+01   9.4782670901686092e+00   4.1071097586861409e+00
   9.7528418624787996e+00   6.5104606026288661e+00   7.3706776940237674e+01   3.0632774577560070e+01   2.5289039995182037e+01   1.8111364647207222e+00   2.9351892909124988e+01   1.2976934632182580e+01   8.6407823857735096e+01   1.8554746311754741e+01   3.8426100952570064e+00
   1.8396879203070075e+01   3.9906584779098511e+00   7.1506953489827254e+01   1.0604738158836183e+02   1.3720266539367591e+02   2.9262756516709985e+00   2.4653679912154015e+01   7.7708028361082739e+00   1.0527869171144515e+02   2.8951684624883811e+01   4.8893206338248989e+00
   2.4144841993819625e+01   5.6275592593688524e+00   5.6798980181777964e+01   1.5376783981968978e+02   9.9120902560835574e+01   2.2071340822588215e+00   2.0933423616531392e+01   1.0231778935787418e+01   1.6305587671554352e+02   1.2581745037676864e+01   3.3280172692085301e+00
   1.7872046972214321e+01   3.4853588649584824e+00   3.7734183038351695e+01   1.0494303971606607e+02   5.8570990829300726e+01   6.8040524539521661e+00   3.0108648710114387e+01   1.8739068798462103e+01   1.1732864696262962e+02   2.3810991650617826e+01   3.9077417819299831e+00
   3.2032374201361066e+01   5.1754401378248671e+00   6.4378463707582583e+01   1.0305431466173017e+02   7.1496511773712641e+01   3.7474418996320233e+00   2.3927421525448651e+01   1.4873590408261645e+01   8.2522246973870566e+01   2.8016319460541769e+01   1.9483688744152601e+00
   3.5043689174983761e+01   7.3330502558223980e+00   4.9435285530850237e+01   7.3542588712879223e+01   8.4504594202912244e+01   2.6262236991219585e+00   3.1943246806580529e+01   1.9591441001395964e+01   7.6283351585813321e+01   3.8397528508319752e+01   3.8947698596791280e+00
   1.7813579206006878e+01   4.3077551783606092e+00   8.0126533648948723e+01   1.6903872696973389e+02   8.4400392333937489e+01   3.7946070272524066e+00   2.4134015978475368e+01   1.9082897521378712e+01   9.4630565000665115e+01   2.8798547262571820e+01   3.5437317735414080e+00
   4.3327251000276092e+00   3.5210457464520806e+00   2.1425057157957610e+01   1.0249297274912347e+02   1.1204957377307647e+02   3.2851999096522277e+00   2.4861194744812597e+01   1.7502893639849493e+01   5.5730048680141820e+01   3.1377858475764366e+01   6.0990604264450896e+00
   1.4496325045657466e+01   3.1778387506227768e+00   5.4081926653669072e+01   1.5853436797824003e+02   1.0866881011888333e+02   6.6038474915119902e+00   2.4116096288112267e+01   1.9602675443035807e+01   1.5469828750265751e+02   2.0398151001379752e+01   7.8630563742202204e+00
   1.1312164882467568e+01   5.2706554966563290e+00   7.8288034859401989e+01   1.2469242083773190e+02   6.4384355958563106e+01   5.8659457119942813e+00   1.6894190517676236e+01   2.3668370902594532e+01   1.0752376522687989e+02   1.8502911998275742e+01   7.0196140643539371e+00
   1.1861557482781230e+01   6.3386788110751953e+00   4.0673728331174793e+01   1.0199774311654035e+02   7.1376812165453998e+01   5.5221549238797500e+00   1.6844441693755286e+01   1.8582900134943753e+01   6.7733750997093239e+01   2.3864577603181839e+01   7.0424123793760938e+00
   9.4694585436603589e+00   7.6949878904394851e+00   3.7936129335550369e+01   1.5084129018196117e+02   9.7774473910939591e+01   5.7450274536318808e+00   1.6546039020183834e+01   1.7772514925917026e+01   1.0508987703332217e+02   1.5848577573302007e+01   6.2972301019104613e+00
   1.7417278067609121e+01   4.1310514170334862e+00   3.1427507376413171e+01   1.4722084769155435e+02   7.9025908228864708e+01   5.0126986408612462e+00   4.0457605692505538e+01   1.5253523287357474e+01   5.9584024563749672e+01   3.2857967802163500e+01   6.0366145486257548e+00
   3.0786461971358030e+01   4.3185526271435855e+00   4.5230708892704840e+01   1.0750258686167489e+02   1.1007962929310882e+02   3.0643574045886490e+00   2.3172814396439740e+01   8.8106107332782138e+00   1.1852336716586436e+02   2.9935726835054780e+01   6.4455739641023015e+00
   1.2183890250965131e+01   2.9495964979547664e+00   4.6878890705225579e+01   1.5860451000958935e+02   5.4356999834066357e+01   5.9922114431656031e+00   3.3104732307807602e+01   1.2771509238496737e+01   9.6301471173373585e+01   3.1511140361507984e+01   3.4701211034046437e+00
   1.5053103929325527e+01   6.8112637991429956e+00   5.3987282181045508e+01   1.7622715912987707e+02   8.9764853228514227e+01   3.3152595909214546e+00   2.7956305184519245e+01   1.7234652707480887e+01   1.0280313243993831e+02   3.4028607376218247e+01   6.6128898361727639e+00
   2.4590027412498163e+01   3.9082754989851218e+00   3.2487348660302324e+01   1.0916662217328916e+02   8.4161109941624304e+01   2.8226351325594141e+00   4.1105892085655455e+01   9.5134922718050596e+00   1.1210814679615265e+02   2.2477158701091966e+01   2.5276945481956572e+00
   2.4895490479200667e+01   3.2239400688186479e+00   5.2844867253472117e+01   1.0226540444693505e+02   1.1788962859324596e+02   2.8183398120258580e+00   3.2988575422401503e+01   1.7999277621263065e+01   1.2641840956260351e+02   1.8516918764323805e+01   6.1817428102339580e+00
   2.0102081655126465e+01   7.7957330496844692e+00   3.8377683281645318e+01   1.2624131592563303e+02   3.4223152390564898e+01   6.6364235842602906e+00   1.4232048244808588e+01   1.7217255564416330e+01   7.8021879153429765e+01   2.7824144514450314e+01   3.2638787795998985e+00
   2.3664283955394502e+01   5.4313529472185813e+00   4.3333752734224674e+01   1.2432121395787379e+02   7.5370854763874789e+01   6.8554507958496247e+00   2.2066509824877194e+01   1.6021475642482137e+01   5.8899389424902402e+01   3.3110161650086908e+01   2.9862403663867094e+00
   2.2640785105002614e+01   5.2704343003887830e+00   3.3439552240993670e+01   1.4086946495017170e+02   7.6983062982254879e+01   1.4732528740106376e+00   3.2680102969310219e+01   1.7103483981163457e+01   9.8558226039481909e+01   3.0632425447611794e+01   4.0257273408750889e+00
   1.4385829912227008e+01   2.3081391221812408e+00   4.5151669305601615e+01   1.0226868585556252e+02   3.7683933015239717e+00   4.6373603051533809e+00   2.7425394932389128e+01   1.5612134654492017e+01   7.7639551530502558e+01   3.1368345414193449e+01   2.3182685179208726e+00
   1.9728722467561241e+01   4.7846827396102123e+00   1.2634559603239988e+02   1.3751453959888752e+02   1.1349565754611567e+02   5.4231920296224807e+00   4.4640447157471186e+01   1.5365672184164989e+01   1.1394509046744449e+02   3.6099258901636176e+01   4.9697104153942400e+00
   1.4930415868358812e+01   4.9329029258121686e+00   1.2292413277067637e+02   1.4962320739318650e+02   1.6121132441002922e+02   3.7292431501091956e+00   2.4498973345709864e+01   1.5437103740914367e+01   4.7621795800110370e+01   2.5880525069476505e+01   7.1707652264527386e+00
   1.0971031421167291e+01   2.1590305410832444e+00   7.5278277440204178e+01   1.1799578609678176e+02   6.8251351112443629e+01   6.4231434240662253e+00   1.1402940276003820e+01   2.0477263177118324e+01   1.2655981719909697e+02   3.3550184676798132e+01   4.4361803658254395e+00
   2.1085468546946728e+01   3.6496281798833072e+00   6.7697894385237063e+01   1.1711524699796718e+02   8.4121060454827244e+01   5.4280789630994652e+00   2.8782893289563326e+01   1.4998342087306145e+01   1.1049496575257592e+02   2.3287984221488536e+01   5.9342852994984332e+00
   1.7346523101710673e+01   3.3414664312362117e+00   2.4166586227595694e+01   6.6005066564485020e+01   6.1147516141496894e+01   4.6280535569443551e+00   1.6976211128240813e+01   1.2956948509539341e+00   6.9241780953817795e+01   3.0051111006752265e+01   5.2633950639079963e+00
   1.5668658752413547e+01   4.9461764998789928e+00   3.8784076188043379e+01   6.8965155597800504e+01   8.7094566026946183e+01   3.8333044759839572e+00   2.5346442352759059e+01   1.2872513439741791e+01   9.2351303434861123e+01   1.1542136801767159e+01   7.3741687688726829e+00
   1.8824682382055780e+01   2.3057448596438110e+00   3.8050348994270166e+01   5.8484721453456011e+01   6.3738698239649551e+01   6.2582086612767043e+00   3.4303198915302808e+01   1.6536917356014055e+01   1.2595722144433786e+02   3.6402882586328822e+01   4.6192690591836660e+00
   2.3411710094104500e+01   5.9115812773702388e+00   6.2387531958377323e+01   6.6369487422646756e+01   7.2237190071871737e+01   6.5966340600605360e+00   2.7599487979399658e+01   2.0639860454571625e+01   1.7217511999155931e+02   8.4082661698906875e+00   5.5266599010008655e+00
   1.9491725047239981e+01   7.1086834983719100e+00   6.1284935769296354e+01   1.0591747688410103e+02   1.2480630611330005e+02   5.8501834210329573e+00   2.7525123005412741e+01   2.2899370686435031e+01   9.1366528106649682e+01   2.5123640279236710e+01   9.8993625994972199e+00
   1.8184207726429310e+01   3.5155095521908861e+00   5.3391531979139764e+01   5.2912216461487255e+01   4.9452687835261969e+01   4.4572533603852058e+00   2.3198680651257327e+01   1.0426530255678578e+01   1.4178693243605014e+02   2.0466049165408204e+01   7.2422941748769158e+00
   1.8745970958935001e+01   4.0231124823394477e+00   4.3933243145401320e+01   1.9310277088032325e+02   5.7746317054521803e+01   6.7374575740876166e+00   2.3640993156407561e+01   1.9571599495780152e+01   7.6541505289087894e+01   1.3606483741695996e+01   3.0599350265780743e+00
   1.7239531713885821e+01   4.9096634599527587e+00   3.1591606399815067e+01   1.3839206439683758e+02   7.3027748931070747e+01   3.1468066643778876e+00   2.4018482131412814e+01   1.6762280719353182e+01   1.0760007714211346e+02   2.6222235229365044e+01   7.1891284772380040e+00
   1.1797541183316785e+01   6.1080886666989960e+00   5.1217418852765064e+01   3.6473720556903146e+01   7.1299056753200190e+01   5.2120174194303841e+00   5.4351065330310888e-01   1.4364752327771495e+01   9.5544117690603599e+01   2.6191993434298965e+01   3.0792704354939784e+00
   2.2087519291698570e+01   4.9361270981079537e+00   7.5114547366603517e+01   6.9627815628293746e+01   1.1934007101658054e+02   7.6713768617117672e+00   2.8340475305629113e+01   1.5617053128697657e+01   1.1148016772494562e+02   3.5298152864310858e+01   4.9575099631315238e+00
   2.6187864203949101e+01   4.7211321029699684e+00   6.0112538146120983e+01   1.0765697835722044e+02   1.3743294133339117e+02   4.5556360042629880e+00   3.3538680932123057e+01   1.5333244300200953e+01   8.7089133531190583e+01   2.4543042335752510e+01   5.5194130633468506e+00
   1.3381772537472894e+01   3.2074699562385809e+00   5.4920781416271062e+01   4.9355137785307640e+01   4.5449576975619934e+01   3.2706528512806581e+00   1.3616688805258727e+01   1.6238173107690891e+01   6.0227679096470077e+01   2.8262971555238092e+01   6.6868838917616298e+00
   2.9607545455534684e+01   3.6398174647400987e+00   6.4962631918038994e+01   9.4850490033614221e+01   5.5755317827287996e+01   8.7459574710106267e+00   1.1663260753009981e+01   1.6760485018388643e+01   9.3703175239506109e+01   2.5439550728514977e+01   4.1388258270765679e+00
   1.5740321236773148e+01   5.0933111751773081e+00   6.3419112275176431e+01   1.5116283523548609e+02   9.1256190448700721e+01   4.4432279081563237e+00   3.0323515192132234e+01   1.1876535857662283e+01   1.1437223129593556e+02   3.5774673612589851e+01   6.0190476158376329e+00
   1.5295419138405590e+01   6.9331661767912554e+00   1.7036110712441442e+01   1.0559864669970054e+02   6.3712031374880596e+01   5.7957932233487135e+00   1.1789049101164148e+01   9.8703241153840686e+00   8.6855465962916270e+01   3.2929503838329779e+01   8.4959560815359669e+00
   1.0985978594009151e+01   5.0159097959494083e+00   5.1500953970442666e+01   1.0910759750697410e+02   1.3625892164742089e+02   3.3496694402495031e+00   1.0292387120847557e+01   2.0672331665506213e+01   9.6217601634884190e+01   2.3477868911698128e+01   1.1062787258098772e+00
   1.1679758290415830e+01   1.9632809336780861e+00   4.2127491725129744e+01   7.5181662103332911e+01   1.2534788519182577e+02   5.4932574243359280e+00   3.1786089795977176e+01   1.4303601566261792e+01   1.1327645348254974e+02   2.4437299280452692e+01   2.7725994606029474e+00
   1.0621015694955970e+01   4.7830893094019782e+00   8.2350682598982416e+00   9.1373233193898756e+01   9.2434252255394426e+01   5.8456867483176866e+00   1.9218741465322459e+01   2.3083157622326098e+01   1.1726892237560007e+02   3.8405836760052850e+01   7.3402283889597273e+00
   1.9234489324740093e+01   3.8795937767914581e+00   2.3104010325417615e+01   6.2474617660261764e+01   9.2575421199127248e+01   4.9372399367679174e+00   3.5756127586250564e+01   1.0519343655668294e+01   8.0238181669362604e+01   2.1366883564883114e+01   4.3465553906725658e+00
   2.7427734029687759e+01   3.6182137468533333e+00   4.4363185043478161e+01   1.2477343423851181e+02   6.5005021110464270e+01   5.5688491300059590e+00   1.3663435605123601e+01   1.2292377634716956e+01   9.3773062433957833e+01   3.0629164415950324e+01   4.8608271045393971e+00
   2.0378431871198494e+01   3.6609924506169422e+00   6.8502446407907996e+01   9.5129599552413922e+01   9.8688659277149256e+01   7.2945622351302344e+00   1.9566435780877178e+01   2.3119363286590534e+01   1.2690961735595360e+02   1.5974902365443921e+01   6.7953226678898186e+00
   2.2531879459429351e+01   2.5245667918086876e+00   4.6272564943183092e+01   1.3999276667469485e+02   1.0980794159721756e+02   2.1700422130959738e+00   2.7020574445633205e+01   2.3045938690434042e+01   1.1120388150313808e+02   1.6957358207784029e+01   9.4074443539036778e+00
   2.5745877814862304e+01   3.4861779149271941e+00   5.6632587079342173e+01   1.5647262387863807e+02   7.9675090024641733e+01   5.3320869831452775e+00   2.9699508276880216e+01   9.9562735008120988e+00   6.2365987562533107e+01   3.0669592560311393e+01   2.3199013811208591e+00
   4.2785217688005517e-01   2.6886046412888569e+00   3.2178984915997702e+01   1.5066169313988331e+02   1.3428084068028096e+02   1.0167857800883646e+00   2.8987966516211596e+01   1.6593553139670878e+01   1.4661382167273695e+02   2.8859464810574167e+01   3.1099048786370802e+00
   1.5797584175505362e+01   3.4102103369677068e+00   5.6368526837098543e+00   1.1028400442644798e+02   9.5845853467833862e+01   4.9840854811943807e+00   2.6583119175497679e+01   2.2688714757069288e+01   8.3640846486871652e+01   3.2317948085908199e+01   4.7817626091847210e+00
   1.9228622532027025e+01   4.2398202005895564e+00   5.3084693312187241e+01   9.3249498939856124e+01   7.1982494182151541e+01   8.7205723104586017e+00   2.2914929762682213e+01   2.2643617552195764e+01   8.1257099173098652e+01   1.8044009574201851e+01   4.9386166274088596e+00
   2.1629269568659947e+01   4.3379990726384881e+00   3.1057674324386003e+01   6.7105446903012876e+01   8.6686358675583307e+01   6.7770427376997207e+00   1.9872383557228822e+01   8.5815896960521876e+00   6.0163661386825687e+01   3.1979491764444191e+01   5.1524418790419411e+00
   8.3018414219574730e+00   3.6670691580051997e+00   7.5819354991890989e+01   1.1585208719992450e+02   1.0886509251119962e+02   4.9146767860161065e+00   2.9099832098674078e+01   2.4178203418380903e+01   9.8391342545539587e+01   2.4838961670969578e+01   4.3093255724507129e+00
   1.0272396640512053e+01   3.7755285287521296e+00   8.7675014755236475e+01   1.4638715851724524e+02   6.3178276718977742e+01   4.2638392249062340e+00   2.1547592210187858e+01   1.9038558019193516e+01   9.8592676397000631e+01   2.2987291957441460e+01   7.3899037050018546e+00
   2.2113235269821502e+01   4.0960292745088092e+00   4.3271202275972897e+01   9.9170027588394660e+01   7.2735873735156702e+01   5.9660013520292408e+00   2.8587252461437355e+01   1.6705476272054639e+01   9.2191991237330143e+01   3.7643852180240209e+01   3.1087576841534839e+00
   1.6133639275246367e+01   4.8264796692979566e+00   7.6246664253908307e+01   1.0525595411546968e+02   1.4788681563046970e+02   7.0044465164634078e+00   3.4387314362411800e+01   1.4272338131377229e+01   7.7154447843002998e+01   3.5516193803964612e+01   5.3477210577097258e+00
   2.0547287497512464e+01   6.2429284030996923e+00   7.1204824622283041e+01   1.3392668861668480e+02   6.0862759245293688e+01   4.9572355186373427e+00   5.3296548625821707e+00   1.0294754111275655e+01   5.3269801124587687e+01   4.3895180683098616e+00   6.9276509987611705e+00
   1.0570462992856946e+01   5.1048458474158034e+00   2.1281061518739467e+01   1.4291762740868910e+02   1.0427262992213403e+02   8.1003067218175264e+00   4.0628713060483605e+01   1.5994596008271252e+01   1.8922448796169192e+02   2.6396623153410960e+01   5.6919947933007533e+00
   6.1337706299473584e+00   3.5448942668888219e+00   5.0402221586364540e+01   6.0101501998929102e+01   1.0035486928671446e+02   3.3256184244226383e+00   1.9412242051157016e+01   1.4104963491389425e+01   1.4524551923787791e+02   1.6212169831968239e+01   3.6866964997552545e+00
   2.1918915490563030e+01   5.0668702543878545e+00   5.6608706349314687e+01   1.1880924444535233e+02   1.2391442045934703e+02   1.0038928033278811e+00   3.6379203110062122e+01   2.7894372200411176e+01   9.1136626489102028e+01   2.0859836355737492e+01   5.1799872282160386e+00
   2.4766874534307188e+01   3.6156715208803734e+00   6.2128153694100227e+01   1.1865946355455522e+02   9.1425406614375319e+01   3.4585363130759621e+00   3.8426659534606500e+01   1.6505168876241139e+01   9.8238690231111633e+01   1.8035087067396802e+01   4.2994099096237042e+00
   2.7658617990748880e+01   9.7458198386884298e-01   6.5369558213513145e+01   1.0606151601638558e+02   0.0000000000000000e+00   4.5367674856924021e+00   1.2125289366153680e+01   1.4552611235974327e+01   1.1202258884511794e+02   3.7098072310804788e+01   3.7318207899334537e+00
   6.8034870646837842e+00   0.0000000000000000e+00   6.5319160384817593e+01   1.4396569615885835e+02   4.9290754251576558e+01   4.1960314216224113e+00   2.6456696302939381e+01   1.5408788053467370e+01   1.0122780658064731e+02   3.3862227624423049e+01   7.6583433908591623e+00
   8.0909286194404242e+00   1.0900895315797166e+00   6.5403535999531258e+01   9.8325475673558998e+01   9.0989047169546453e+01   3.2637081888776533e+00   5.5098861265060876e+01   1.2192470334982389e+01   8.4987202650912224e+01   2.8074364430234972e+01   4.5401448188978755e+00
   7.1880187280337182e+00   3.6301317781245359e+00   4.4517167876343898e+01   8.1550500586055676e+01   8.3226821984022635e+01   7.5551417249028425e+00   2.3047096046105864e+01   2.6614035553032654e+01   1.2875519805969788e+02   2.9324597921307006e+01   3.7754160349873018e+00
   1.6627349640331172e+01   2.9721002724305601e+00   5.9098389747495226e+01   1.2157092796590851e+02   1.3532961597467346e+02   1.7531949737690291e+00   2.9150348370531088e+01   1.8906299013431145e+01   6.8463385069709318e+01   2.7254723689925061e+01   3.4175810964295712e+00
   1.2845218259368758e+01   2.7991456026732795e+00   3.6220329418244148e+00   1.2824412170178357e+02   1.1833159633638354e+02   3.9621555319517441e+00   2.7797206352509711e+01   1.5886488574018129e+01   1.5852369422239815e+02   2.9160583817813503e+01   5.1812819759750104e+00
   2.5563365407053869e+01   4.1080183162846771e+00   2.6480505696058245e+01   1.0365149372902566e+02   9.0533581844585555e+01   3.0241888111340418e+00   3.5956394772901248e+01   2.1518437868767545e+01   5.0282532496364389e+01   2.5508769775358989e+01   1.9299390070113156e+00
   7.3117946594002046e+00   2.9043948301149363e+00   7.6438491926344284e+01   1.4045596799633043e+02   7.7879701367907444e+01   3.9969443127266806e+00   3.4411768411809753e+01   1.5306186003305470e+01   9.2174019484692835e+01   2.1881438780805340e+01   1.6276993099026913e+00
   5.4183529105073109e+00   2.9533670028751491e+00   3.7179195310009987e+01   5.6430297645138111e+01   2.8019257360818472e+01   3.6196708173856957e+00   1.6674651123540379e+01   1.4959043179045542e+01   1.2696762281463987e+02   2.7673016592898229e+01   5.3254445070574299e+00
   1.8255081360968589e+01   5.0868424495876887e+00   5.8009056315721836e+01   7.2519276963197910e+01   1.3229491584766021e+02   5.8679955660072078e+00   2.1097699902690540e+01   1.2493943204552043e+01   1.0501148688443466e+02   2.0772501599713909e+01   2.3442824774342328e+00
   2.4764391404105861e+01   5.3839639440018789e+00   8.2891305737519744e+01   0.0000000000000000e+00   7.9444493296645618e+01   2.8832306327474955e+00   2.7904619665203967e+01   1.2177639662940877e+01   5.7851905935643664e+01   2.0059590030666680e+01   4.1336238685402886e+00
   1.1610644918798055e+01   8.2298523906424155e+00   3.2370161194887920e+01   1.3048115132299904e+02   2.8094913879068400e+01   3.3161812219158406e+00   2.4407429679489752e+01   2.4103946812077815e+01   1.2840027132638986e+02   2.1111445092413991e+01   6.4966740118419288e+00
   8.5603037104829447e+00   4.5583204277947758e+00   3.0886887904474417e+01   7.5565411945672039e+01   8.8591154671432037e+01   5.1269375439430327e+00   4.6989582614166920e+01   1.9612574152417771e+01   1.0633027812667760e+02   2.2644166523826641e+01   6.7917344512192397e+00
   1.5917722300462387e+01   4.1384043137382900e+00   4.0720454827161859e+01   1.0235818008638532e+02   7.8494774821708134e+01   7.0576480902864738e+00   2.8735542342213048e+01   1.5951165997693723e+01   7.7879355662795703e+01   2.3455724077408725e+01   8.0431503144952288e+00
   6.1163425151104409e+00   3.0503621948725024e+00   6.0401187886171051e+01   1.4819507685450554e+02   5.7915556117436722e+01   1.2852566840177833e+00   2.8725722586110439e+01   2.4640112656326707e+01   1.1332623462747992e+02   4.4755572506124977e+01   2.9076884062327943e+00
   1.7016259718223044e+01   3.7022400203722263e+00   4.6789541306834870e+01   1.1340129787838629e+02   9.0418304799194331e+01   8.4637029790461487e+00   1.7621819229655024e+01   1.5611115128322119e+01   1.2358013566465785e+02   1.3064146368203685e+01   6.6601486129926819e+00
   2.2361735988027224e+01   3.9511422360722612e+00   3.0496502573883678e+01   9.5557138193264393e+01   5.3723085169223552e+01   3.2028057914373047e+00   1.3530747153209935e+01   1.7042286482835227e+01   1.6513376456457573e+02   1.4342698267031231e+01   5.5916358861543207e+00
   1.8337029997775360e+01   1.0175255995180610e+00   1.7953037954374743e+01   8.0741496728735612e+01   3.4146036877021132e+01   6.2006815153275010e+00   3.1831077846991178e+01   7.8563341590427243e+00   9.8852468070021487e+01   2.5464622223855173e+01   7.4558379214103780e+00
   4.3183656242783695e+00   3.5953284675298223e+00   4.3301436098849791e+01   1.0282130518345451e+02   2.1728319852938633e+01   6.9900385456155085e+00   2.3198285900811470e+01   1.8037361576062253e+01   9.3021459891125701e+01   2.2960813315133439e+01   5.3802577042739284e+00
   1.3363824040479848e+01   5.3275483498384171e+00   4.6444282468359297e+01   1.3344119052243241e+02   6.4228300901349527e+01   7.5273560252230389e+00   3.0568560778903819e+01   7.7090325196412230e+00   8.6894398141016097e+01   1.7225702016951185e+01   6.5766860955907651e+00
   1.4911290631800636e+01   3.0561591791331999e+00   3.9824839940314973e+01   5.6494526287046547e+01   5.6181073704501557e+01   3.9119822127877004e+00   1.7675821482354035e+01   1.0175028859467822e+01   4.5517914964750027e+01   2.6147634885547511e+01   7.2285983202043456e+00
   2.8855024619247860e+01   4.8883282765301344e+00   4.5583798134538384e+01   1.0906736532050772e+02   8.8801068609142618e+01   4.9760432825730847e+00   3.2717612433158060e+01   2.0584298683263835e+01   1.1674967524640407e+02   2.9742982029049134e+01   4.1097732459163980e+00
   2.2931611948065601e+01   5.7436986012479121e+00   2.8017737062186441e+01   1.3995743364507231e+02   2.9420243203821364e+01   4.6093266012936871e+00   9.1248320315043934e+00   1.7370956790201710e+01   4.1811058290747063e+01   1.3650887551959107e+01   4.0105380931565406e+00
   1.6525734010161006e+01   5.8911320630233686e+00   6.2681179198315562e+01   5.9963098706434380e+01   6.8983357743811226e+01   3.7385220441032061e+00   3.8558069684248302e+01   1.0798182126592767e+01   9.3730425354840605e+01   1.9945680962428177e+01   2.2653050997967581e+00
