   2.0397773348254418e+01   2.5228451028618046e+00   5.3450357588078219e+01   1.3000718844047131e+02   6.7793689392534418e+01   7.1847546340578878e+00   2.4641486532583560e+01   8.4854441227270314e+00   1.3413066683516604e+02   2.8482826488169412e+01   6.5355972985555404e+00
   2.7810476247530051e+01   6.0516008621155510e+00   4.3241666789887475e+01   1.2764503404612250e+02   5.5888449526112225e+01   2.7397334885425986e+00   2.2756980616901178e+01   1.5497383225012285e+01   1.0350583375631514e+02   1.7215486459868103e+01   4.6485890660858225e+00
   4.4053018365059691e+00   5.0224712091942019e+00   4.6943789893699005e+01   1.2767402543943516e+02   1.0176109701281885e+02   8.0928246055432780e+00   1.0806745299990469e+01   2.1690567872421660e+01   8.7411052199812730e+01   2.1809473056831159e+01   3.4387633501412571e+00
   2.2253532286404646e+01   4.3533391724962618e+00   6.2267417003608969e+01   8.9225151875773690e+01   5.6009734684957394e+01   3.9109187346949250e+00   2.9483812800027707e+01   2.2737022456632090e+01   7.4362621942969639e+01   1.5370667188694851e+01   4.1893007574248653e+00
   1.9145935383586377e+01   4.7263507530670292e+00   7.1781230659314531e+01   1.2687495435758115e+02   6.2980750121820478e+01   1.8559894582807952e+00   1.7388225074401234e+01   1.3078311687615125e+01   4.8655333224029725e+01   3.4520563490719184e+01   5.7918974979573274e+00
   9.8447082711256400e+00   1.6437480568444252e+00   4.5550075702125397e+01   9.6867344099601439e+01   1.0328416644152557e+02   3.4450274343336860e+00   3.0074635558792089e+01   1.2178460725488199e+01   1.0531482301937329e+02   2.6079254095402199e+01   7.3768555196947139e-01
   1.4843417291611814e+01   4.2553777524549750e+00   5.6626678636004755e+01   8.3264466972641941e+01   8.9874469138462246e+01   6.4076827381481287e+00   3.1475602990952666e+01   2.0640376761310129e+01   8.8996073192445806e+01   2.1866118931665600e+01   6.2348358645484971e+00
   1.9282379543312359e+01   7.2338650797381785e+00   4.4699941204177939e+01   7.2326179311944330e+01   1.0367747222169933e+02   6.6393040172510673e+00   2.5896151476997208e+01   1.7213609295404325e+01   1.1105796474866355e+02   1.7314532403183300e+01   5.6169262527534976e+00
   3.7786845848781198e+01   4.5779906876127301e+00   5.4559838380825575e+01   1.5222141723554040e+02   9.1934955885909019e+01   4.9307760368898927e+00   2.2996735429805518e+01   1.2344434280757238e+01   4.9463512235386517e+01   2.4224703866002397e+01   6.6100831781603402e+00
   3.3160633246329127e+01   4.4774883239493857e+00   5.8993562347334375e+01   8.5064874578450215e+01   6.4807534344776229e+01   5.1733552742609437e+00   2.7416509573228993e+01   1.5362524488409537e+01   1.4585115011600777e+02   3.4923589754674147e+01   8.8722884579251691e+00
   9.6033861788733468e+00   3.1094317254896233e+00   3.6722554840386309e+01   1.0905858724812818e+02   6.1424178147622939e+01   5.8323974690432658e+00   3.2317973330790657e+01   1.1053487939014353e+01   1.1689613422797160e+02   2.5416296986431085e+01   4.5062821883715225e+00
   3.4678874982576204e+01   4.3501499217330091e+00   5.5513166501133206e+01   7.2134242965869916e+01   1.0067067390003720e+02   1.8420627081770840e+00   2.9920826305282215e+01   2.1156832053139986e+01   4.5644627000178644e+01   2.5942800250698781e+01   3.2969694413440118e+00
   2.1471388566832996e+01   4.8143652102835119e+00   6.2388466328101273e+01   1.0463036214693047e+02   5.6711115612524033e+01   3.5155507090266829e+00   2.3316576840437033e+01   2.3697984575791388e+01   1.3666557630621850e+02   1.5459526161871620e+01   7.2743402077913659e+00
   1.6962414300072219e+01   5.1566525384962096e+00   5.1666785406584751e+01   0.0000000000000000e+00   1.1236155248906014e+02   1.1341849971262230e+00   3.3396202287277205e+01   1.3847182544845415e+01   7.9609790403790441e+01   2.4679943054285424e+01   6.7494964307776222e+00
   2.1410419490956443e+01   3.7468710608603124e+00   8.6174087463139728e+01   7.6472624742082218e+01   1.0050096446679886e+02   3.7684943996105864e+00   1.6373876699651792e+01   1.7715800087327999e+01   1.1047872485854433e+02   2.8796109860879199e+01   4.8392009330011767e+00
   1.6150864425969718e+01   3.9873996600395438e+00   3.6897637293767595e+01   6.4370181370738820e+01   8.5434573110669731e+01   6.4358632613202413e+00   2.3076128660067539e+01   1.2247982246467135e+01   1.0760764044373218e+02   1.4237834228014044e+01   4.0096556237810042e+00
   1.6613060894782848e+01   7.9742940242093647e+00   3.4189742296241100e+01   7.9057570801002271e+01   7.6912733914068852e+01   5.9936473470951741e+00   2.8352733474820944e+01   1.8142572816802570e+01   6.9527482408650542e+01   3.1172002892127065e+01   5.5606809120949823e+00
   2.5842165952275540e+01   4.2077115067049231e-01   1.2846868464482707e+01   1.0761997973756451e+02   8.7767878375187706e+01   8.9891196419310422e+00   2.8367682109395815e+01   1.5608058542938759e+01   7.2632522796165233e-01   4.0194424855327050e+01   3.0221849377708216e+00
   2.5380876426755524e+01   8.3372452761418643e+00   6.8907959444375024e+01   1.0362427664729503e+02   1.8245500607643390e+02   4.9431753534507852e+00   1.3705974040919866e+01   1.5884828926888432e+01   1.1857354029104795e+02   1.3047032278688688e+01   5.2240634122712271e+00
   2.5427529281419691e+01   4.9999673433584331e+00   6.7993402346666429e+01   1.8454131349852946e+02   7.3448144833981601e+01   5.1169729895718685e-01   2.9780750606430480e+01   1.9803284546087415e+01   8.8128084600903350e+01   9.6143987744841226e+00   3.9278056908427814e+00
   2.1163109179590482e+01   6.1686116030145328e+00   4.8038044436295806e+01   9.4839143859749313e+01   3.0189530070414406e+01   7.8476314868975257e+00   1.8705431494961555e+01   1.3934566872534150e+01   7.9253119782086117e+01   2.3069142627784906e+01   3.5938386924659831e+00
   1.0417731546798374e+01   1.4689208303973811e+00   6.8654947794713195e+01   1.0630929445344941e+02   1.3418150703458340e+02   7.0710635352961289e+00   1.9886077064044866e+01   1.3527055427826003e+01   1.1452697389610228e+02   2.8681063680778419e+01   6.8845885191382976e+00
   2.1424691964053409e+01   3.3636849258251749e+00   5.3592737619912448e+01   5.9276495715758330e+01   9.5083565260549022e+01   3.5137934700802491e+00   2.7826347348759271e+01   1.7693595655296459e+01   7.6067634246803422e+01   2.3007973748943492e+01   5.1582477136748928e+00
   2.6645861147559110e+01   3.9140004022460104e+00   5.5849347115068170e+01   9.8204192384385891e+01   5.7408406311366470e+01   5.0497779882804599e+00   2.1171381096546487e+01   2.5284272033252513e+01   1.2327901755340312e+02   2.2489708022399590e+01   7.5900409680197765e+00
   2.0118852263697583e+01   5.1501753701879016e+00   5.2101658425219384e+01   6.7523786421206069e+01   1.5521634223962570e+02   6.1119299129584661e+00   2.0147081587438123e+01   2.6655436624366722e+01   1.0522898495039021e+02   2.3602843545964063e+01   3.1021089797666850e+00
   2.3240123528142583e+01   1.4582729392635563e+00   5.8992598987403447e+01   1.1630318035711528e+02   9.3319392115482501e+01   5.3589655085128785e+00   2.2744944364754712e+01   1.7605325281206838e+01   6.5603198595792918e+01   1.6375612132114231e+01   5.5447503407384424e+00
   2.1479857462746871e+01   5.2364677940707001e+00   5.1863910111949465e+01   1.4563578353163143e+02   8.5628742094595367e+01   5.9534483179802500e+00   3.2859238411924167e+01   1.3936271722867346e+01   1.2902536494721028e+02   1.2466766186118015e+01   3.1761133039306864e+00
   1.5587714555597229e+01   2.2650440556469014e+00   1.0845837084405565e+02   1.2963475622975761e+02   5.3516388441822969e+01   4.4101447524242001e+00   1.6336946408402206e+01   1.6686196685666747e+01   1.1645572023400155e+02   3.4230424295398237e+01   6.2415667145631586e+00
   1.9003574947828458e+01   4.5212644905185915e+00   2.5136786152019461e+01   9.0245714016658624e+01   4.4916940307514146e+01   4.5510915295763557e+00   1.3301409436717897e+01   1.4186243241674172e+01   1.4343420437939983e+02   2.5533397203832969e+01   7.5052298834051445e+00
   1.2820759888415386e+01   5.5552604503168475e+00   1.0646458584120355e+01   5.7093721727527466e+01   2.3844622790311835e+01   4.7931734628883502e+00   1.6132210356963817e+01   1.3149273471043609e+01   6.9027169638738712e+01   1.5545670733652129e+01   6.9868456588350734e+00
   2.2403490258289168e+01   4.9814387680131791e+00   2.5684337587812959e+01   1.6727287268366786e+02   6.4147870364606717e+01   3.1188987078866468e+00   1.3849447656329641e+01   1.1106746430012453e+01   6.8935181204434983e+01   3.0818826031636018e+01   1.2074734468264596e+00
   1.0763238204006935e+01   6.3142697366936638e+00   2.6681871972809382e+01   1.8830758390608915e+02   4.5271228926726209e+01   7.3394066924173886e+00   2.0369756331878179e+01   1.3150608250630539e+01   1.1086395573128200e+02   1.4805050395992490e+01   6.3575845488029969e+00
   1.1210439846993447e+01   6.1792243347666966e+00   4.0584272600057453e+01   1.1951889066889450e+02   9.6219105795160644e+01   4.6372242395398331e+00   2.9684707312976975e+01   2.0497987675151837e+01   1.2313477231815273e+02   2.2737360032730514e+01   5.1184040950827576e+00
   1.2693713501907723e+01   3.2563047102047005e+00   4.6171484296352517e+01   7.9932755046554647e+01   6.7301791285427797e+01   5.9345908897063531e+00   7.6310742638427698e+00   9.1752841656037241e+00   1.2872307970350579e+02   2.8557316142223456e+01   5.7178407469269246e+00
   4.8548004872397588e-01   4.8579521171779243e+00   4.5116505786785211e+01   1.5792388553828118e+02   1.2980487317258803e+02   2.9943832866161726e+00   3.0685855895118110e+01   1.8034931339390621e+01   1.0021986799378988e+02   1.7886299550404992e+01   4.0944583311994664e+00
   2.5548696762576625e+01   2.7386237986404396e+00   6.1128999825976337e+01   9.4094659329595302e+01   1.2206442611560672e+02   2.5741636159492769e+00   1.3325069643444237e+01   2.1018817148421235e+01   9.1810472423604395e+01   2.1200962151199040e+01   2.0625348219119131e+00
   1.9182679852143568e+01   2.0728716723737604e+00   5.7924506848118824e+01   9.8474182572121720e+01   8.1728900409284932e+01   4.4516290781820125e+00   2.9998091187609344e+01   1.6138975903691012e+01   1.2264172710321857e+02   2.3758938479814304e+01   6.7462016053278218e+00
   1.3005786022010325e+01   6.0358973386911074e+00   6.5552051241537981e+01   1.4682260266807279e+02   6.8346129654147006e+01   4.1429910919831094e+00   1.3251998736998285e+01   1.7078538896181666e+01   1.6814763897781256e+02   3.6732537634802625e+01   4.1687650385144401e+00
   2.5159356501584405e+01   4.4045932445792744e+00   8.7194313371580634e+01   6.5839555572707141e+01   1.1132833430032368e+02   6.9042417433086012e+00   2.3318438395444218e+01   1.9828626833061929e+01   1.3068205525277392e+02   2.6656235993063124e+01   4.4951486726559899e+00
   7.5353296146165132e+00   4.3076284000532210e+00   7.5494873181800159e+01   4.5464210118269804e+01   4.2473348275179823e+01   5.7811973120620559e+00   1.3389539576267262e+01   2.3376953926137340e+01   1.0292680538300262e+02   2.0864661718443344e+01   5.4123455710961412e+00
   1.6738311669787514e+01   6.0117329022317971e+00   2.2679893777992980e+01   1.3022049850616705e+02   9.6996221832682323e+01   5.6561637832203129e+00   1.8046195456115839e+01   1.4585605176474715e+01   8.0062997702846275e+01   2.2038227120157664e+01   9.7730773547782750e+00
   1.5942240014952143e+01   5.4533503623467530e+00   6.4417220854179291e-01   1.2950942889209747e+02   5.6773335593323509e+01   1.8689627605798098e+00   2.0023576568387206e+01   1.5204002587263412e+01   1.1733140429385487e+02   2.1667803674799970e+01   9.3254509584586565e+00
   1.9148460193074406e+01   5.0222598336357542e+00   6.8727764144888710e+01   1.1861485543362937e+02   6.4824741097604374e+01   2.7792962188114871e+00   1.8414393048280616e+01   2.3017987883728896e+01   8.3199488143061473e+01   3.2376054987641254e+01   2.6744169991937192e+00
   1.9112156963942432e+01   6.6099472354150723e+00   1.1039684155799494e+01   1.3292994348738739e+02   5.6692775741294760e+01   5.0105543346807719e+00   1.2974376648541833e+01   7.9810123228023837e+00   1.0826620753744859e+02   2.1640191820324393e+01   4.2293796655862597e+00
   1.2377003973783342e+01   6.0446529919725585e+00   5.1128355212371140e+01   1.5380517882549572e+02   9.4058620377274892e+01   3.9615786297819868e+00   3.4069421686751824e+01   1.5451615637463719e+01   1.2699304579172924e+02   1.8216972672185541e+01   6.9203607050157956e+00
   1.7151152409285615e+01   4.8274474580969322e+00   5.0469254429375020e+01   1.4981973532061960e+02   5.3508908357103813e+01   7.0859556462034821e+00   3.6265994748053821e+01   2.4703291834855584e+01   1.3205893824716640e+02   2.5182561921243952e+01   1.2854604037881163e+00
   1.6380110848667019e+01   3.1867090108734448e+00   9.6654119059711405e+01   9.4953354766551485e+01   4.4957944445328209e+01   7.1833623720891984e+00   4.5385172708609304e+01   1.7298231171328698e+01   1.2039773724265902e+02   2.2920379483991500e+01   7.3929002707708928e+00
   2.0912687452472277e+01   3.2551653341573741e+00   4.8263071388599414e+01   1.4409873314944346e+02   9.3380135709556299e+01   3.5172903938485911e+00   2.0926071524494997e+01   1.3623947756061636e+01   1.4779736435152080e+02   2.8911308467013214e+01   4.5219413833604198e+00
   2.3575083976109511e+01   6.5073718260759517e+00   3.9030922176627485e+01   1.2139932720613595e+02   6.4132614618742039e+01   6.2944448739509520e+00   3.1196792509437380e+01   9.5060658109125811e+00   1.6421607693839846e+02   3.0032767126860399e+01   7.6787833609566905e+00
   2.3666627070084591e+01   1.5612381066508729e+00   5.4690758610339891e+01   9.7200284244224832e+01   8.7647162162662823e+01   7.2869306945778867e+00   9.5689931584290413e+00   1.8135200625490288e+01   3.4160233824946935e+01   3.0894168593813689e+01   3.4823087957090033e+00
   1.2384021384457917e+01   4.3613544789382193e+00   5.4901384337623725e+01   7.2681341377524049e+01   6.6275527913610574e+01   5.2374175914007459e+00   2.8998507670588928e+01   9.3855252561694904e+00   3.8287910156105681e+01   2.7925735912111435e+01   3.4038890742192791e+00
   1.7765401992534734e+01   9.6674082706863596e-01   5.1197648631883069e+01   1.3828769910101391e+02   8.4889981698780957e+01   7.7217060828522195e+00   2.3273975673748218e+01   1.3180661078167535e+01   6.7985764584367431e+01   2.7827098036893663e+01   9.3637046842911360e+00
   1.0379815763048475e+01   6.2046627944486223e+00   3.6897151244022865e+01   1.0261627178810218e+02   0.0000000000000000e+00   6.6517103266391073e+00   1.4513378779761082e+01   1.9896362982738641e+01   3.0681932068331733e+01   3.6401257229061969e+01   6.1850329329577791e+00
   1.0955211897340492e+01   5.9245720121321623e+00   2.3958223064901468e+01   1.1687841535202482e+02   9.0770697990264253e+01   5.0335468317117940e+00   2.8899369596744272e+01   1.6044915029374870e+01   8.7605527530622538e+01   1.5731785881164324e+01   4.5320164671089502e+00
   1.7283837893309503e+01   4.4065552249704005e+00   5.6391131795416790e+01   8.6954221472312014e+01   1.3233808337797615e+02   6.2976257770644519e+00   2.5213420257260502e+01   2.3301124185279981e+01   8.8323627877366121e+01   2.1215547036327720e+01   3.2004490159044932e+00
   2.6087685906590906e+01   4.2795485372245992e+00   2.1423682269643734e+01   5.9946756237117455e+01   1.0794720695173702e+02   4.9959729820208452e+00   2.3441101283138149e+01   1.3089080768596341e+01   1.0868183068088460e+02   1.2121637005712998e+01   7.1338852422851469e+00
   1.2921505892717340e+01   1.8702944962785573e-02   2.7970661505341099e+01   1.2134011152129676e+02   1.0410130106175370e+02   3.8337508303379835e+00   3.6966823066031786e+01   1.7742428174175874e+01   1.0992158092699154e+02   2.9762508407162642e+01   5.7322678535206633e+00
   1.9446817505251552e+01   5.4296927106422537e+00   7.7773959305941830e+01   1.1300773563092287e+02   6.9635132767988949e+01   5.3088973312892360e+00   2.7505552589022081e+01   1.0718921557549606e+01   7.6189477898898346e+01   2.3704279155253097e+01   9.3384758820148250e-01
   1.6032953956535820e+01   5.3705229031268398e-01   4.0894170323143193e+01   1.5796867664052488e+02   8.2237755714983265e+01   4.6942405055896774e+00   2.2072912884866746e+01   1.6941835236590439e+01   7.1778529773622893e+01   2.1539214912556137e+01   3.4392159917345566e+00
   2.3712850549602546e+01   3.1329715423976001e-01   4.6764642826775699e+01   1.4380397663096545e+02   8.4132404516281028e+01   3.9296223507158405e+00   2.2629008312112155e+01   1.2696868035860170e+01   1.2751878132901186e+02   1.1946532716218410e+01   1.0570859718099545e+01
   1.1094957013358412e+01   4.5455082964091424e+00   6.8683318845554567e+01   1.5277360207814300e+02   7.9703472490909519e+01   8.0033199864545406e+00   1.6138197503163610e+01   1.9407650012473116e+01   8.6743597615419773e+01   2.4796695471903430e+01   5.0807039625309685e+00
   1.7509194177095900e+01   2.7313857981957828e+00   4.3397446202040520e+01   8.8525355487361423e+01   5.1940056251152171e+01   5.0472192784019549e+00   2.7525713852914826e+01   1.4471449118470055e+01   5.2424212655971438e+01   2.1806468100147370e+01   1.4207671698705777e+00
   2.0482752802162913e+01   5.1303743582183694e+00   7.1413151741549086e+01   8.1842721947159077e+01   6.6264656215148150e+01   9.8332701861275389e+00   3.2695873979259417e+01   1.8607679179880790e+01   1.0035163437866106e+02   1.4417629819766113e+01   3.4673324269137495e+00
   2.3617085370734877e+01   5.5986934874819445e+00   4.2450122287409670e+01   6.9979729097221707e+01   7.1580846937481738e+01   4.0602190352988519e+00   2.0035459435749114e+01   1.5311081316188229e+01   1.0707579996887466e+02   1.5749218161974714e+01   4.3292335959235979e+00
   2.6153917723641520e+01   5.9175446684104429e+00   7.1064106227998280e+01   1.3297615448392634e+02   6.2418496510118068e+01   5.7015256497571229e+00   2.2233607815459649e+01   1.5822665961084587e+01   8.5734745069783017e+01   1.8417534707056991e+01   6.3812433482732409e+00
   1.7814423073128374e+01   3.1853013003789168e+00   6.2983403317891351e+01   2.1465450038342971e+02   1.0188289496278634e+02   7.6439540297153510e+00   4.1242405885057877e+01   2.0925572792163138e+01   1.2301432226985035e+02   2.1870114821358808e+01   4.8027040398249126e+00
   8.7930247377748767e+00   5.1972069916515977e+00   4.5232795177489706e+01   1.4116114980819057e+02   1.5285039052621235e+02   9.8310814331797598e+00   2.3694276529621071e+01   5.0671677496671270e+00   1.0782688533940535e+02   1.2434054475723125e+01   5.2893938053627974e+00
   1.3077993295850947e+01   4.5820224408325636e+00   3.1478998060979670e+01   8.7663070003246531e+01   3.7176643578919830e+01   5.2041876041870641e+00   3.3299861523287376e+01   8.4655407480674238e+00   9.2610091586972146e+01   2.2331026073605770e+01   5.0694869155241227e+00
   1.1252122000011962e+01   5.8616919674271575e+00   2.7740463889996388e+01   1.4504922921519193e+02   8.0660431527682860e+01   3.1177494447098901e+00   2.7482148591905112e+01   6.8835978820598127e+00   9.8466400028061827e+01   2.7713316215845737e+01   3.3341901736350388e+00
   3.0764606404245757e+01   5.3502858671557050e+00   4.4030517259790898e+01   7.4997734650389702e+01   3.3610745564658771e+01   6.1575733929462828e+00   2.4111175142014297e+01   1.7925350852616468e+01   1.1588929859554932e+02   2.1017408159344356e+01   7.2617673568848966e+00
   1.3802554457769109e+01   5.9883796022093829e+00   4.0488769736181425e+01   6.4440272223155546e+01   1.1583172472750275e+02   2.1074670110475506e+00   3.0858725020851402e+01   1.8057200156005131e+01   8.4680389779858089e+01   1.8849041390690680e+01   4.4298191878070527e+00
   2.1601046508814534e+01   4.1717670429266889e+00   4.1109720767014828e+01   1.4080002253009957e+02   1.1904890726916709e+02   4.1027931308129428e+00   2.1747165775750254e+01   1.0929661033858281e+01   6.3395820717735688e+01   2.5611048795020601e+01   4.2491251265641399e+00
   1.6222620297486614e+01   4.1448420884598045e+00   7.0447589147384917e+01   8.7490472155197907e+01   2.7015908612900382e+01   5.1437257246923416e+00   2.5597948476575237e+01   1.9795312700135582e+01   9.4596516584225753e+01   3.0988478359217666e+01   5.4613880218233746e+00
   2.2404718602412252e+01   6.1822165965553459e+00   4.3448312858879262e+01   1.2648799323270347e+02   1.3503766423041685e+02   7.4664308775819705e+00   3.4924497290292763e+01   1.3431711113051897e+01   1.0447444760017007e+02   2.0545534123405915e+01   4.9791047900815411e+00
   1.2949051105314226e+01   6.5837918509599369e-01   7.3822043052299748e+01   1.6536636599943020e+02   4.4324794480030775e+01   7.3664563978103512e+00   1.8726190840963163e+01   5.2795780241028041e+00   1.1766714309632115e+02   2.0409881546048823e+01   4.1421140685068494e+00
   9.3038281901560254e+00   3.5144153928602817e+00   3.8518916911515262e+01   1.2952321262543171e+02   8.3610285212066401e+01   4.5725740790966860e+00   4.1341987634252952e+01   1.1632214054144868e+01   9.8949002086248882e+01   1.3870872592551351e+01   5.3363876091598428e+00
   9.1888422051044820e+00   2.1631779637843929e+00   7.0216220943265370e+01   1.4836564989394856e+02   1.0973367293549691e+02   6.3875214140255574e+00   3.0664657131326223e+01   1.2820457879362781e+01   8.4127136415201363e+01   1.6961909350836969e+01   8.9929106603899296e+00
   2.0114849959995119e+01   3.7296260989971923e+00   3.8716360659129442e+01   5.7975733877816481e+01   8.1225023449679455e+01   4.0123127631669222e+00   1.8638736877527499e+01   1.9278196258544046e+01   1.2068213237037966e+02   2.7647240948468710e+01   6.0989886105606841e+00
   1.6308648978104731e+01   5.5487748846248275e+00   5.3442581166814279e+01   1.3880695612938169e+02   1.4558099302780073e+02   5.8862250593465362e+00   2.6439634342642883e+01   1.3100002423579042e+01   9.6055517499478754e+01   2.2792120334324533e+01   3.8962090206550082e+00
   1.6201832892306310e+01   5.8610871817293084e+00   7.0177702004005937e+01   1.9146118949035440e+02   1.5926684164531747e+02   8.2785195574802763e+00   2.6235025749708715e+01   9.2530321277511334e+00   1.2799135097937062e+02   2.8717838022269206e+01   3.5013703867024164e+00
   2.5439640020733201e+01   2.6141457335597225e+00   4.0998078276156548e+01   1.3451477690638410e+02   8.0959298673517381e+01   4.9241615533752885e+00   3.2134123526228308e+01   1.6812944237142958e+01   9.6878610046825173e+01   2.8079096918637699e+01   4.6625036051602686e+00
   1.8990495710092194e+01   3.5735384529139025e+00   4.0486047927369469e+01   6.0290328307924511e+01   1.9691404034350199e+01   4.0518813254111148e+00   2.6502470307716557e+01   1.2150569963556510e+01   9.9775761516246888e+01   2.6094579443365383e+01   2.2006212095285687e+00
   1.8454232649481558e+01   4.6462170526857314e+00   9.1938516637452949e+01   1.0798091707378089e+02   6.5883015168788859e+01   3.6713435252799824e+00   3.2106189400098799e+01   2.1819769995847004e+01   9.6807216244268830e+01   2.8731948712768023e+01   8.4639870444771468e+00
   2.6402608671926551e+01   3.8896586060087861e+00   6.9761635171059240e+01   9.7399118147405133e+01   5.1411618337483979e+01   5.9917970425191678e+00   2.7658673851600053e+01   1.8497078853780771e+01   6.8034435899991152e+01   3.3838546097086159e+01   5.4784707352296049e+00
   1.2722494305536799e+01   4.9369129424715714e+00   4.0618103874286859e+01   1.2887791700995822e+02   5.3908502265381834e+01   7.1759898110134719e+00   2.1842186744161218e+01   1.6569051175071749e+01   6.7836231710049589e+01   2.7451089884876296e+01   2.9602950188171899e+00
   2.1306804989923020e+01   5.1099830968865794e+00   6.3396558498408424e+01   1.2991218351009462e+02   4.3036871683494837e+01   8.6798253377690706e+00   2.6748689770467930e+01   1.9691020865882685e+01   6.6647366214744451e+01   2.6433229341736862e+01   5.3244381653972521e+00
   2.2098639954605687e+01   2.7640540448439710e+00   4.2133813646463963e+01   1.2967892995599766e+02   7.9158186058407438e+01   4.7282376315803969e+00   2.1633281457345596e+01   1.8037037599028885e+01   1.6191339119761042e+02   2.3269323869588288e+01   2.4445263367218937e+00
   1.5929269400477324e+01   4.0925768974488923e+00   6.4596530047373292e+01   1.0225413096672713e+02   1.3991856106040638e+02   4.9361334463053090e+00   3.0689181000004375e+01   1.1986449966810943e+01   9.3049088745162777e+01   1.5176892765655426e+01   6.1745984202561237e+00
   1.8556363400643299e+01   6.4349255626105184e-01   7.9557411631664962e+01   9.3858803509982422e+01   5.5373442834027486e+01   3.4182752435062143e+00   1.9535259977325538e+01   2.0608073670558952e+01   1.3261882304314031e+02   2.0151863013056559e+01   4.7682496178211098e+00
   1.0655876018932922e+01   6.4249222302516120e+00   1.5910077333217236e+01   9.4204006783814620e+01   6.8413468336942188e+01   7.6999781152138933e+00   2.8196089839366444e+01   1.6254587730809121e+01   1.1210698483233055e+02   2.5757663297720462e+01   5.1797178174365355e+00
   1.0758190453241850e+01   3.2947898334934016e+00   7.1402348951266930e+01   1.4565197112546383e+02   1.1175695522251407e+02   4.4812302604996486e+00   2.2894938943598980e+01   1.1597331172485998e+01   1.6449622772071288e+02   1.6059726480533882e+01   5.7686007732799380e+00
   1.7922756058000495e+01   2.2809151527936282e+00   8.0444967933842889e+01   4.9162778594419748e+01   1.1314522623559364e+02   3.7224593079493067e+00   3.3765883301430648e+01   1.1210266934710280e+01   1.3215604262817743e+02   2.6718047965864869e+01   6.6742490091878590e+00
   2.1453373506890912e+01   3.9565471416064995e+00   5.0721955196558191e+01   1.0783259895476900e+02   9.1360103090794297e+01   8.7915286006361661e+00   1.3750274249735778e+01   2.0113254996966397e+01   5.7428200191959732e+01   2.5735812127077757e+01   3.6113959292368540e+00
   3.2108699445140651e+01   1.8843736610672952e+00   8.6520003058798025e+01   1.2486206731046265e+02   1.0754962888051554e+02   6.1699736387621380e+00   2.3177594904452206e+01   2.0443225330415629e+01   8.8641462912969530e+01   2.4233887872713645e+01   2.4011980893055558e+00
   1.3509248398674313e+01   4.3677124939573204e+00   5.2996044082541680e+01   9.1951550845639275e+01   1.0289802303743281e+02   5.9915517866179995e+00   2.1600848910797218e+01   1.0654500117296379e+01   1.3092705814441558e+02   2.5592912671073762e+01   4.9110720171525308e+00
   1.8394300332547168e+01   3.4154928140276182e+00   2.3652114155017614e+01   1.3223629243094248e+02   6.5380835993794662e+01   2.7070462137339009e+00   8.7871649622623735e+00   1.4825503095315202e+01   1.0999178635804435e+02   2.3719747145903913e+01   3.5871997042692274e+00
   1.6851245007016846e+01   8.2461047901499622e+00   3.4986893836807926e+00   1.1268044745076394e+02   8.9663257239153097e+01   5.4529647747119956e+00   4.7040066816298996e+01   1.8320451972878992e+01   1.7857824151718563e+02   2.3410185197936176e+01   5.8848547388792207e+00
   6.2685966841949643e+00   6.4127571229982054e+00   4.2695807244151958e+01   8.1772320114269704e+01   6.7855874646386752e+01   5.6173069480293822e+00   5.6203480664267374e+01   1.5618112190325757e+01   9.8332635964118481e+01   2.3499904707053993e+01   1.6874772486565615e+00
   1.4812684154941765e+01   0.0000000000000000e+00   6.4757910991183834e+01   1.2097566523147688e+02   4.9861232226891055e+01   2.5417190143433412e+00   2.7874186752890989e+01   1.9237127018846834e+01   4.6156756788489460e+01   2.9830448952062206e+01   6.6831982212760135e+00
   7.0597472738737768e+00   5.1830055799514616e+00   5.6410252610896087e+01   1.0566222056957326e+02   9.5829407780536371e+01   4.1944497373258960e+00   2.9679047270220810e+01   1.7211274479465992e+01   1.1540019284938698e+02   2.2948811017194096e+01   5.6665079892298458e+00
   2.2128876895675916e+01   1.9381914870356698e+00   5.8437505346015506e+01   1.0061094251269563e+02   7.8836618317833697e+01   3.8527690742281884e+00   1.6551896042064097e+01   1.2817968281127419e+01   6.8361214050592224e+01   5.7380033629028917e+00   3.0557331454465460e+00
   1.2244603299516079e+01   3.9545882269579216e+00   3.7560835363818391e+01   8.9864167131650220e+01   7.1211046869363258e+01   5.6320242956844382e+00   2.4713544164376252e+01   1.1400871624508365e+01   1.0170903554111510e+02   2.0278726373830544e+01   4.5182568327611996e+00
   1.7895409824199895e+01   4.6945139328522210e+00   5.2756116016996046e+01   1.1741355998107811e+02   8.5554568555713843e+01   2.7043915260089948e+00   1.9763626433512442e+01   1.5645193492224465e+01   1.3739363145847210e+02   2.4881293299970174e+01   6.6450619696103477e+00
   1.4209000537251606e+01   5.7235073947736845e+00   1.5190442269422880e+01   4.9408010913825656e+01   1.0640172915543359e+02   6.7024366553594135e+00   2.6208056829581690e+01   1.6750242942514333e+01   1.1068539011864807e+02   3.0034674487397901e+01   9.5700367915117805e+00
   1.9058756719120751e+01   3.9228507633964833e+00   3.3704432513987008e+01   1.0102232978285956e+02   8.8586149448812336e+01   8.0297483105642353e+00   3.6817997140090320e+01   1.7435958431784265e+01   1.1038911277443339e+02   3.2872665958880624e+01   4.4559337256795306e+00
   1.3889909682602742e+01   7.1850972032495921e+00   3.2467397915998312e+01   9.5845376109147125e+01   8.2643734167069695e+01   4.0457429564068272e+00   1.9781920120636414e+01   1.1760390698063704e+01   9.3152142439278009e+01   1.7206521026905950e+01   7.6468709558287049e+00
   2.0124980159582638e+01   3.5561326529526252e+00   6.0673711928779454e+01   8.2713586426382165e+01   8.5196840244083830e+01   4.6085581225490717e+00   1.9664798417379764e+01   2.3981359148797388e+01   9.4914358806917846e+01   2.8692916681827821e+01   3.5177080633600259e+00
   2.1551215554677668e+01   4.9822363666071290e+00   4.9423213640940375e+01   1.3849189143113122e+02   7.8350362994171107e+01   5.5915397133231277e+00   2.0430069441327550e+01   1.3844576966639114e+01   9.6418311877681447e+01   2.5164354334225219e+01   5.4833002588056550e+00
   2.7112808633240249e+01   5.5770956392069877e+00   2.5371444962382494e+01   8.9046045253991494e+01   5.3617560470452275e+01   6.9203182561233678e+00   2.3860128426502634e+01   1.2358739594674475e+01   2.8917249353744765e+00   2.2153009206420606e+01   4.7203192718293243e+00
   1.6212869741454099e+01   4.5547779037818845e+00   4.9520888763538544e+01   1.3449672633449771e+02   1.0038353609984846e+02   5.6208818152307849e+00   3.8360464954004236e+01   1.9064865744024097e+01   1.1363755624393474e+02   2.3725924850988612e+01   5.7288580971804421e+00
   5.0943591217936666e+00   5.9585051490101195e+00   3.5185412706200900e+01   1.5001200064387160e+02   1.1901881677962271e+02   5.3825017021118118e+00   3.9191335435734942e+01   1.4958631929333620e+01   1.3434771688986467e+02   2.3369455106595865e+01   4.1852318584413926e+00
   1.2521637011719090e+01   4.9746529648979383e+00   3.5672432690064369e+01   1.0963053980285424e+02   6.0817587926238687e+01   3.7041977326163602e+00   1.9252784422915930e+01   9.2070796015224712e+00   5.4976547878878264e+01   2.4506064360114273e+01   2.4852610598786891e+00
   2.5069548560546476e+01   3.0212722219574548e+00   6.7931593248978999e+01   1.2512663218928833e+02   1.3456061175600718e+02   4.1835719055693232e+00   2.3311614487335355e+01   2.2583898120992348e+01   4.7193899080580536e+01   2.5162098896763226e+01   4.6038122369513088e+00
   1.1191654833350210e+01   1.2198285127262050e+00   5.2111662055449870e+01   1.3802197499182182e+02   7.1536739107170177e+01   5.7951628865098899e+00   3.0322582196415667e+01   1.7121507638538567e+01   1.2153818149189485e+02   1.9027757980826816e+01   5.9118870403904209e+00
   2.2818430270624699e+01   7.6830614255252989e+00   5.8116197946816015e+01   1.1233612415354548e+02   6.9514744456591032e+01   7.8351398781870891e+00   1.5704347070234702e+01   1.7310377646488298e+01   4.7695052187025858e+01   1.6507914638547021e+01   4.1704438266316179e+00
   1.8032412932356344e+01   3.3381148348869276e+00   6.8349264666392074e+01   1.3450517737121322e+02   4.9929164258765972e+01   5.7093425188121705e+00   3.7288401666550008e+01   1.2641502809682928e+01   4.1732204182892886e+01   3.0075458998307184e+01   4.7629417977748272e+00
   2.5539068330163015e+01   4.5868317583239913e+00   5.3520126696632886e+01   7.0212237583729859e+01   5.3082259827346050e+01   2.3246776198388432e+00   3.3233893329644346e+01   1.5040774510584829e+01   1.2736522204756366e+02   2.2076202588246499e+01   5.8425389606356255e+00
   6.1091755506492582e+00   5.3979312602084901e+00   6.1329614046597214e+01   1.5480991903178318e+02   4.8270477926979510e+01   5.4511980262672601e+00   1.9919738025019502e+01   1.6629278401911346e+01   7.7295674684012170e+01   3.3103506142418382e+01   6.0952088430073958e+00
   1.6192427100569905e+01   4.6048903002356418e+00   6.4113527385702213e+01   7.9944837818921386e+01   8.7417062459245201e+01   4.4494288123934522e+00   2.2817121050770407e+01   1.3238791101745699e+01   1.4318224167216630e+02   1.7323096572303193e+01   3.7516582358451256e+00
   1.0415681028989090e+01   2.8085691703662974e+00   7.4389526420452071e+01   5.0024521752642983e+01   1.2465378717930574e+02   4.1596183399975661e+00   2.1242118939982667e+01   1.7911083286686328e+01   5.5162791710778698e+01   1.9550063832831796e+01   4.6082351616313604e+00
   3.3953081552657736e+01   3.5794572521082784e+00   5.9749287015653614e+01   1.6458075436157782e+02   9.2616061785154955e+01   4.2070501057263794e+00   3.2833347426020531e+01   1.9714756211551194e+01   7.8680922911614829e+01   3.3148981203762588e+01   6.7053358926904227e+00
   2.2042200389923938e+01   4.1841995680416959e+00   7.9481204585946728e+01   1.1298678506541549e+02   1.0240306777969187e+02   2.9470148340952917e+00   3.0834228551722205e+01   1.1991187890939448e+01   1.0837894186594733e+02   3.3056758396027242e+01   5.7113728746188910e+00
   2.5208957435904843e+01   7.0133866204682835e+00   5.0198027273607181e+01   1.3122717007669382e+02   1.1701007346813586e+02   4.0132209016287792e+00   2.6629162531597458e+01   1.9179233218900102e+01   1.1905207678815368e+02   1.6615868840030217e+01   2.6205873862866880e+00
   1.1271574074038490e+01   2.8860272889428713e+00   4.8712865545029096e+01   1.0227275033188172e+02   1.9445060296735015e+00   3.1288951661922284e+00   3.3153826201575761e+01   1.0284431916933830e+01   1.1621722468175977e+02   2.4952429012803947e+01   7.9523484857296118e+00
   1.4643127478595314e+01   5.7886597075560200e+00   8.5573372650031445e+01   7.8838941063988415e+01   7.1796988173690238e+01   3.9289902905127647e+00   2.0120886160107752e+01   1.5954207961691289e+01   1.0663607719862054e+02   3.2608077765153254e+01   3.9670014087592933e+00
   1.5764831880876143e+01   4.9489162230997330e+00   3.8980586836114902e+01   5.6701485482156286e+00   8.7390399012330903e+01   4.8488372525681713e+00   2.4361040670722780e+01   2.2445635110175154e+01   9.2021651091289613e+01   3.2551434745345723e+01   3.8161420859920030e+00
   2.3604586543407294e+01   3.9919764288936133e+00   4.9661442952622075e+01   1.3755002586240857e+02   9.8300879056842177e+01   4.9576950918397156e+00   2.3139029281352656e+01   1.7149147646245012e+01   7.9899848835824798e+01   1.4889237617530000e+01   2.4812095950836315e+00
   1.5733936378923621e+01   2.5400064371314230e+00   6.9105716493892288e+01   1.0500263175128075e+02   3.7730275956770775e+01   4.2137877797530408e+00   3.6339896544538512e+01   1.6121673783668150e+01   1.1666290812524278e+02   3.4478906256240236e+01   4.9005105240229048e+00
   2.1334924162259746e+01   3.9032809492049996e+00   5.2878483917999446e+01   1.0818768463151839e+02   4.6686071232198756e+01   4.3340443329387197e+00   2.9221185131892121e+01   1.6503053839659401e+01   8.6574044281539329e+01   2.8023405589040308e+01   4.9132522640160872e+00
   5.5892509780737214e+00   4.2515837387321351e+00   7.9327389647121834e+01   1.2968295209490407e+02   1.0050041028495517e+02   4.6894061123101789e+00   2.2623053188217643e+01   1.7296037079132610e+01   1.1462074061711267e+02   2.5093006776377425e+01   4.5081745014296750e+00
   1.5299439344551462e+01   1.8124938593693702e+00   7.1513370015495170e+01   6.4622859734212710e+01   7.3324294105645578e+01   5.4993079782856213e+00   4.4455903749630949e+01   1.9693615418012513e+01   1.3772875564316246e+02   2.2036935068975978e+01   3.5564991290256769e+00
   1.2613149188051548e+01   4.7435145998713164e+00   5.5865787088227712e+01   8.9218094179718705e+01   9.3383478199642099e+01   7.0698245811217753e+00   2.5567267636022475e+01   1.7197635103795708e+01   2.1960192512639559e+01   1.7041007470611071e+01   2.0449204446336005e+00
   8.3042648176820855e+00   2.9539807884657105e+00   3.3333372490160897e+01   1.5612555653688617e+02   4.8040725598115230e+01   5.8079521910759713e+00   2.4873618420984862e+01   2.3937210124214364e+01   1.6259509972034891e+02   2.4200126497539806e+01   1.0649033751769911e+01
   2.0227970415532738e+01   4.2382650073309298e+00   6.1663439308872213e+01   1.3653704615530532e+02   2.7876810307571681e+01   4.0783238618793796e+00   2.9684721176961993e+01   9.9057481848371509e+00   7.8066599981251358e+01   2.1826709067726075e+01   7.8657532424036969e+00
   1.8935594254506977e+01   4.9975853102618295e+00   2.0586000683657222e+01   6.9544992401090312e+01   9.9617264182466499e+01   5.7658459729477185e+00   3.5732304233073322e+01   8.5117201617277463e+00   1.4566463562113131e+02   3.9146490921831543e+01   4.4413840281818340e+00
   1.7514469224835722e+01   2.8086964491589170e+00   5.4873353889891483e+01   3.6676052407342922e+01   1.1256069145028243e+02   4.1567995947769196e+00   3.0108384802730669e+01   1.3381775359645527e+01   1.5382190266954069e+02   2.4841416554311991e+01   4.8908496742170549e+00
   9.6960808402847469e+00   3.8960213760875266e+00   6.6757618369660833e+01   9.4857927934309771e+01   1.2570311047061649e+02   1.2284373685489365e+00   1.1911517141937855e+01   1.4833623108344291e+01   4.9034666354667010e+01   2.2388963871198563e+01   5.7631860993017545e+00
   2.3770816260696705e+01   5.0220156673488860e+00   5.4210975210393627e+01   1.2285204376768309e+02   3.0920542970129812e+01   1.4784959296251832e-01   2.2049502687435997e+01   1.6235479205363916e+01   1.0613239608476508e+02   2.3464339619385647e+01   5.0800207602454002e+00
   1.9325584128629366e+01   1.1660516074825362e+00   6.8258805205155880e+01   1.4881900182855026e+02   3.6771717748138101e+01   1.3565087325904166e+00   3.0650393035656869e+01   1.1879273240477847e+01   2.2024558825812835e+02   1.9424578202987252e+01   4.0522077466698523e+00
   1.5612733337871619e+01   6.2319657837212556e+00   9.2686296003070794e+01   1.1856435086906345e+02   3.2668165579968601e+01   4.1728327017586908e+00   2.5023226768989190e+01   1.9487816692710179e+01   9.2548214516893367e+01   3.7538361675658379e+01   6.8221364669251763e+00
   1.7453907502460105e+01   8.6812523617332076e+00   6.9191384919675770e+01   7.5212298942476153e+01   7.5568112961074362e+01   3.4432267652925734e+00   3.8562678337860056e+01   1.0152333230070091e+01   1.1686416990297238e+02   2.7857285548915137e+01   3.0064710968883932e+00
   1.5824729573260395e+01   6.0968868562526435e+00   5.5346284371195367e+01   1.2613762018821539e+02   5.8379051708826630e+01   3.2514597257169120e+00   2.4361454011695294e+01   1.4908363211559303e+01   1.1147311949374070e+02   2.4064341329547350e+01   8.7060841257051411e+00
   7.3140384387575974e+00   3.8474838253956700e+00   6.3243165221262750e+01   7.3428960404584416e+01   1.1618058960279322e+02   4.7026992084256731e+00   2.3048107364504443e+01   1.1695390072421441e+01   1.4398012577019139e+02   3.1138185847233203e+01   1.8558662946513860e+00
   1.5689450259241642e+01   5.1605952922781215e+00   5.8687743298740756e+01   8.0964296987566144e+01   3.3230703432704736e+01   3.3681569666323301e+00   3.0080231461285333e+01   1.5647314019957825e+01   1.3782618297248814e+02   2.3335469327403842e+01   4.5070371298567142e+00
   1.2568657649295943e+01   2.5770291908550771e+00   2.2016789739068294e+01   9.1917183834487872e+01   2.4625374077117630e+01   3.4224558682173138e+00   1.2241854211249352e+01   1.0288773905571169e+01   6.7159769438647203e+01   2.2899450777568099e+01   6.7090068624126147e+00
   1.1723203742402990e+01   7.7170581174397128e+00   4.0946683049494972e+01   7.1394799581788419e+01   8.2965841233840877e+01   5.7879905542572292e+00   3.7727771254744574e+01   1.5639485359166949e+01   8.4781629238519599e+01   1.9803234347428127e+01   5.3194771174269126e+00
   1.0709873719998068e+01   6.0639069437454696e+00   7.5529122123978766e+01   1.0556303268229209e+02   1.1254940610008472e+02   6.1174301088993035e+00   3.1647173786483549e+01   5.7300292924695952e+00   1.1190106465813966e+02   1.9405950572903251e+01   2.3349063943400457e+00
   1.4271745272137762e+01   5.7933824844060586e+00   4.8803166511356480e+01   8.3139551399923477e+01   5.2768152817719916e+01   9.2728673291878305e+00   1.1329734602695790e+01   1.3747276808121915e+01   9.7967917026515664e+01   3.4385638426593971e+01   6.7996743517884415e+00
   5.8705006943262852e+00   2.8594639829848791e+00   6.1994853943980715e+01   1.0503822482184432e+02   3.8904937453519196e+01   5.2019809159398243e+00   2.3498232275962366e+01   1.4333811961402912e+01   1.8793742739456934e+02   2.8744381695990910e+01   5.4029389644635861e+00
   2.2837162229872970e+01   4.9688952660281274e+00   2.8511899212175656e+01   9.8737560291236946e+01   7.2342992894470456e+01   4.7363903067025239e+00   2.3316607351835600e+01   1.9640405061117409e+01   1.1521154203469757e+02   2.4145577508167101e+01   3.6023760985059483e+00
   2.0297083684260059e+01   3.4196747470709443e+00   5.1081148730490270e+01   1.0061405952312649e+02   2.7797602870476585e+01   3.5300012779394603e+00   2.2876418843674003e+01   1.0682688873805557e+01   1.1517241916403769e+02   3.5059073789630062e+01   5.8456894412957841e+00
   1.7208473649745564e+01   3.8551441259610195e+00   6.2371395660820795e+01   9.7271712563491675e+01   7.7335634624692162e+01   4.2527841952005865e+00   2.6942125714867405e+01   2.3040456924266572e+01   7.0933379996944012e+01   2.3718466599998735e+01   6.4946242328543136e+00
   1.7124161268022497e+01   3.3990083842310757e+00   2.1030766060659882e+01   1.5919038404846680e+02   1.0162979835644485e+02   4.5287596349825998e+00   1.6244479161623101e+01   1.1606396259057700e+01   5.4634147914737639e+01   2.5516047350491277e+01   9.1244131698548383e+00
   1.2758535784755111e+01   2.5951122319987094e+00   5.7046330868728546e+01   1.3698055632767196e+02   8.3338282060381218e+01   1.2760519837153410e+00   9.7943452845844927e+00   1.6751637582175967e+01   1.2754445885168289e+02   1.3978301698916770e+01   4.9296936022510849e+00
   2.3148579866788616e+01   2.8014789984891260e+00   4.5889671493105929e+01   1.1732895018402407e+02   1.9626142972969244e+01   4.1342438168818223e+00   1.2127732664643009e+01   1.9531442422036370e+01   9.3150569714815745e+01   2.6765882198875310e+01   4.5606687732198470e+00
   1.6561174226712559e+01   4.0342466221274602e+00   2.9923041163198238e+01   6.2925968679117219e+01   6.0736015452116774e+01   6.0548781610749876e+00   2.1483669915361460e+01   2.2278771251370983e+01   1.2251446712433501e+02   1.3793287800567603e+01   4.1729077127944088e+00
   1.3236811630662928e+01   1.4077107542695315e+00   4.8930677960472849e+01   5.7262690674876502e+01   6.7768954116783533e+01   3.5364288032077908e+00   1.8550015890072025e+01   1.0873226007759266e+01   7.1148530263978188e+01   1.6890630084060568e+01   1.5543297308086323e+00
   2.5051199717081140e+01   5.4763121229768839e+00   9.7612898496295273e+00   4.5179062838220084e+01   1.3114054898038901e+02   5.5678838908495161e+00   2.6376582030669596e+01   1.5871493220426949e+01   1.3107649952435492e+02   2.9964887756234507e+01   6.0623474445668943e+00
   1.6037605253196119e+01   4.1967092456287229e+00   4.8793222760384047e+00   2.0809893750893158e+02   1.0421977522308414e+02   6.5162932928170827e+00   1.0762973881645831e+01   1.6836996320962694e+01   3.7080550285242253e+01   2.5928864037967145e+01   1.3197352818901453e+00
   1.3954517064950512e+01   5.6378234447643916e+00   2.4920615742351728e+01   1.4988843420069995e+02   7.5106289424226119e+01   6.6797631692809452e+00   2.5594822389594398e+01   1.0718746707889139e+01   1.5434545358405560e+02   1.7673323445032299e+01   4.6055368047865572e+00
   1.5643113635255421e+01   4.8801652469413410e+00   2.8848385510571347e+01   1.2438445237052311e+02   1.1603702705206875e+02   6.1069520271557884e+00   6.3595056242976238e+00   1.8306515460305825e+01   1.2936086159789471e+02   2.0872655818327388e+01   4.5959724771766615e+00
   1.2473957231803109e+01   5.2764271854552227e+00   2.5002609812189139e+01   8.0491079050959371e+01   4.5521843386649955e+01   3.1456065410877021e-01   3.6647818399379290e+01   1.8673527458747927e+01   1.0381554122656608e+02   2.5289286279524276e+01   6.6584699518440011e+00
   1.0917310760215910e+01   1.7882813006825418e+00   1.3362128707241709e+01   7.4354815023543907e+01   6.6384035052377698e+01   3.5486130163773502e+00   2.6656175904823257e+01   1.2780434722347261e+01   5.9713096612374507e+01   2.5043608776980058e+01   0.0000000000000000e+00
   3.1768484060463294e+01   2.6047599481891073e+00   5.5795357824778080e+01   1.3474650689168328e+02   1.1912827580755847e+02   6.3447179327556844e+00   2.8936805009927092e+01   1.3433097518637670e+01   8.6202733541526413e+01   1.2011141295236053e+01   6.7927507733048742e+00
   2.6790329107499833e+01   3.6160065560142760e+00   1.6127799703388952e+01   1.7101867480985084e+02   1.2181881743148369e+02   5.3779799198383982e+00   2.7554375465118795e+01   2.7212885733396654e+01   1.0881603001866218e+02   1.5423227062428420e+01   4.1463043150585630e+00
   1.9081713733215118e+01   4.5979429570117194e+00   5.2044216945770089e+01   5.4854857527544198e+01   9.8693946482649650e+01   4.6344064041402859e+00   3.1575736796539818e+01   1.7492840883040586e+01   1.4189469700536455e+02   1.1596354939010697e+01   2.7216421194513352e+00
   1.0133903417624566e+01   6.3955952907927802e+00   6.6307249285739388e+01   9.9201875952633827e+01   9.1516203100021045e+01   5.4585575158591366e+00   1.4910240232850587e+01   1.9838677437324058e+01   6.4138407095930944e+01   2.3069864762022732e+01   5.0863163904027502e+00
   1.2373640720790451e+01   3.8930107949787804e+00   4.9674680290913102e+01   1.1221797711022670e+02   5.9259142709955682e+01   6.7807307248191258e+00   3.2529752889882971e+01   1.5626210421923398e+01   1.4492529838140319e+02   1.1945864692221338e+01   5.5320231344547626e+00
   1.6313458661309468e+01   6.6298795242595467e+00   5.1683660635606145e+01   4.4207779776884749e+01   9.9128991367974663e+01   4.9184603648503371e+00   3.5487685152418095e+01   1.1497593729426825e+01   1.9602581325030832e+02   2.8294905784474309e+01   4.3213286615396553e+00
   2.1848891564270517e+01   5.2431542063579686e+00   4.1752802746859786e+01   1.4521364510735600e+02   5.2009356188454269e+01   3.1780853596307734e+00   7.7934879166478730e+00   1.5725515336818320e+01   8.2809457380752207e+01   1.6774654929645955e+01   2.3967828185403683e+00
   9.7056512392560794e+00   6.4756460939626450e+00   1.8477569581526232e+01   1.0044031071752215e+02   9.4025422558788293e+01   4.2814903468303980e+00   2.6957101147178264e+01   1.6961579075426215e+01   1.1625646852685600e+02   1.6093440449910347e+01   7.3236595270554004e+00
   3.9991568856333677e+00   4.6284398127620205e+00   4.8798227488574952e+01   1.8339277048398822e+02   8.5258438900178845e+01   4.2287935453306496e+00   2.5019022720103742e+01   1.1665510020116244e+01   7.7191094681857862e+01   3.5640709002323931e+01   5.4657197787374390e+00
   9.0360302712580118e+00   3.2458826647687458e+00   6.9968816198298867e+01   1.0128736767695335e+02   1.1094313675244783e+02   6.3356647818153267e+00   2.6962912112760208e+01   5.5801847180012478e+00   4.0429341962117192e+01   3.8149573974083893e+01   3.8008515104113672e+00
   1.9230261254737968e+01   1.7913188204247916e+00   8.6351173024816291e+01   1.2981046275991599e+02   6.4059556027383707e+01   5.4116128215038906e+00   1.9383476047360112e+01   1.8311573622240132e+01   1.5100931853639150e+02   1.8030965573223693e+01   7.3419740875996373e+00
   1.9561047681363046e+01   4.6787877451499424e+00   4.0655984243362987e+01   7.4495142239909882e+01   9.5871176857663755e+01   5.6695261288312659e+00   2.1693366189100693e+01   1.4557577368058265e+01   1.2407506830668476e+02   2.3309008183387810e+01   5.7784116939665617e+00
   1.9906033928365577e+01   5.8484291116673193e+00   1.5429470121954413e+01   9.2946451289778622e+01   1.0057513444836678e+02   4.9071381778255709e+00   3.0441198208006352e+01   1.9004580843907640e+01   8.2276940598621266e+01   3.6804266600854930e+01   2.7685871013700520e+00
   1.6577946230011737e+01   3.8883801387662915e+00   5.3227000758599303e+01   7.3557729799685092e+01   4.9905906137734057e+01   3.9341316428452511e+00   2.1268544877100055e+01   1.9252251017262957e+01   1.0392768479718900e+02   1.9913578899762385e+01   6.2458612354147904e+00
   1.8373473173719091e+01   3.4505586094674063e+00   5.7650555159639694e+01   1.2921842585274177e+02   8.1496291679358137e+01   4.7417721314923700e+00   3.0395201112595302e+01   1.6494265008955583e+01   9.2021575049953071e+01   3.5147766662368930e+01   1.7965325891333965e+00
   1.4600023019695143e+01   3.8600614553540256e+00   4.4939138616742660e+01   1.6163393864909028e+02   1.2466060438294188e+02   5.0385068594220455e+00   1.8699024182762919e+01   2.0709808484556930e+01   4.9283590701747158e+01   2.9090612487811072e+01   3.1546479382461836e+00
   2.2252664706681930e+01   2.4701158164787804e+00   2.5510884882643133e+01   9.4059524434068422e+01   8.0184142761179146e+01   1.9582649689957896e+00   2.6110986081859949e+01   1.0712028643505807e+01   0.0000000000000000e+00   2.3933622342605922e+01   5.3813958378790598e+00
   9.5358622549686736e+00   3.5348364864669675e+00   9.2379821536212134e+01   1.3077991150099231e+02   6.7571476798488561e+01   4.9663372528778620e+00   1.9793811841602359e+01   1.1781587180497290e+01   9.8347301074413636e+01   2.1176303388415569e+01   5.8595980168815345e+00
   1.9925192415959806e+01   4.0856812657157695e+00   0.0000000000000000e+00   9.7242354696747753e+01   9.0494983739790257e+01   6.3944892306222485e+00   7.7753595765848313e+00   2.0080212065147645e+01   8.3950172424066153e+01   3.4983435890936107e+01   5.2321706417804501e+00
   1.2469478697135756e+01   4.4853689757940476e+00   3.8975100908092344e+01   1.1886317934845005e+02   6.8575665419095259e+01   4.4149852024747380e+00   1.9456965142007377e+01   1.8742848871096236e+01   7.9989040103774627e+01   2.8356774323742304e+01   1.5432315790007729e+00
   1.5407883706975927e+01   4.2919919505117656e+00   2.1871343908029566e+01   1.5786966385239609e+02   9.0090122397717437e+01   7.6244543374463980e+00   2.4838009187505314e+01   1.0617914334128990e+01   7.0645701171399125e+01   1.9289456344025453e+01   6.6098197459403494e+00
   2.0484218651280038e+01   5.4828999858049734e+00   3.6316645132054852e+01   1.1951112663464315e+02   7.2779312948424248e+01   5.6942678306620573e+00   3.5689378753601133e+01   2.0491562230162245e+01   3.6950486672094456e+01   2.6208899428454011e+01   7.4255470099676852e+00
   2.3265272406271436e+01   4.5973416140673944e+00   5.6419602283037904e+01   7.8259267573479320e+01   7.6267090191993333e+01   3.8233504331929966e+00   3.3926006878490227e+01   1.6567622555333990e+01   8.1894161821076978e+01   1.7634997982239568e+01   7.2517091489037480e+00
   1.0931548180299909e+01   7.6044267628571589e+00   5.2630652621827331e+01   8.4667052296644528e+01   9.0618689182493867e+01   4.3314999346006822e+00   2.9557445835056718e+01   2.2685494202198132e+01   1.0559458388722138e+02   2.4563999983309518e+01   4.0522625527915856e+00
   2.4532357361560354e+01   4.9549150340246451e+00   3.4744475558254670e+01   1.0916694766992856e+02   1.1762320481215342e+02   4.1002126359119506e+00   3.0685087049875101e+01   1.9425020937012214e+01   6.3157689434493761e+01   3.3895266841264601e+01   4.3771143297511816e+00
   2.1098178911927832e+01   7.5876305313442138e+00   6.6095191238158563e+01   1.0838998659516770e+02   9.0351651513466976e+01   5.0850776474823229e+00   2.0580097040486038e+01   2.3478611819093253e+01   1.1562258348430083e+02   2.7147613724983309e+01   3.2290434769400682e+00
   1.6934903381663496e+01   3.1289197393481838e+00   6.2837144639199501e+01   8.4356468276455217e+01   1.2619215639420378e+02   6.0646911755598483e+00   2.3144176458843194e+01   2.2689773400892832e+01   9.0530133224288733e+01   1.8433183686182254e+01   5.5630536495413088e+00
   1.6206592522563781e+01   5.3333337623045711e+00   6.3363688138605028e+01   1.2166373674678680e+02   1.6058083530303840e+01   4.0683362583266849e+00   2.3042167052966043e+01   1.5311819341616433e+01   9.6474392180277732e+01   2.5907003426174462e+01   5.5665868447790396e+00
   1.6078578177030398e+01   3.9454230493801923e+00   4.0752382732842150e+01   1.6037509102685590e+02   6.3358957634296523e+01   5.4996192293117812e+00   4.1067431409992430e+01   1.0377316880763338e+01   5.0415483324941711e+01   1.8850610641811162e+01   3.6819021635113103e+00
   1.5589620623536227e+01   5.4631561001327054e+00   7.1818065292618726e+01   1.0626875976405006e+02   8.3885092080914220e+01   7.9733136409507974e+00   2.7914159126331000e+01   1.8818119760029361e+01   7.3475144459029963e+01   3.7184220691812314e+01   6.7954583859650945e+00
   1.7454798659664466e+01   5.4521986442902692e+00   6.3644507608435148e+01   1.0793003502122183e+02   5.1799137603756044e+01   6.4019405350707750e+00   2.2350690339338460e+01   1.4763561623232929e+01   1.1422254573866411e+02   1.1456103261383419e+01   6.6713820859817368e+00
   1.7616322278913724e+01   5.4836535787277341e-01   1.0258829278707948e+02   3.6738167156612946e+01   3.8595847538139815e+01   6.1993169461804483e+00   2.1129411768883713e+01   2.0454043892345009e+01   7.2589689398031908e+01   1.9109005175746205e+01   6.3122854853445620e+00
   2.2047026392034432e+01   2.0636025135771341e+00   7.2131603900243022e+01   8.7611412672618783e+01   9.5298907038444781e+01   3.0709235299601438e+00   7.1591096539321324e+00   1.0875733733385456e+01   1.0560156570106196e+02   2.8764339999476821e+01   3.7150710294877909e+00
   2.6055354446215297e+01   1.8625587563301176e+00   7.4101103806844762e+01   6.5552471706478030e+01   9.5169098072086797e+01   3.6061662901275255e+00   3.1198511977304516e+01   2.3469710129117029e+01   1.6861152276112784e+02   1.8023789132437486e+01   2.6378854241866390e+00
   1.9993158674177984e+01   5.1133586043895844e+00   5.0838013349129056e+01   1.0145364342124606e+02   8.5484286961662349e+01   5.0878076320294312e+00   2.5132111971614712e+01   9.6423484998676319e+00   1.2758344268113285e+02   2.3679697964200908e+01   6.3032614470912858e+00
   1.6123716075714334e+01   6.9979389095726034e+00   2.2571792809167988e+01   1.3396030603904097e+02   8.8657487012740091e+01   4.4331634014627959e+00   1.7588959596337055e+01   7.8961983433079039e+00   1.3598239007441370e+02   2.7975441050757823e+01   7.7670197874947853e+00
   2.0898293840150490e+01   3.8280053359848321e+00   4.1898959187671053e+01   1.6952796922314974e+02   5.0739061156402940e+01   1.5254095200158655e+00   2.5797861857037738e+01   2.0222934232478114e+01   1.8187865008723401e+02   3.2045255956149219e+01   2.7269562485220478e+00
   1.8370832082394902e+01   5.8374422839707698e+00   3.3752859381176393e+01   1.7933982039369172e+02   6.1908227489568347e+01   1.7364243662877827e+00   1.7403670554429677e+01   8.6975839777274420e+00   1.4077087220826536e+02   1.7303573946155758e+01   1.0365953457278121e+00
   1.1434058340470131e+01   5.3668375114640412e+00   3.7837239353841298e+01   1.1105605666741479e+02   7.3620826323393118e+01   6.5825760085789939e+00   3.0639296298229766e+01   1.6755891729889171e+01   1.1379246476617158e+02   2.2412757586363853e+01   7.7465664321624708e+00
   2.2751338064685097e+01   2.5494269617043783e+00   6.1419890426747486e+01   1.0380793233281778e+02   5.6212708085527701e+01   3.1790384875915740e+00   2.1671068863880759e+01   1.7299405886395427e+01   1.6768679737251136e+02   2.0376412590272459e+01   4.9888159625597659e+00
   1.9079007407167467e+01   5.1056366965434989e+00   3.7988770267997126e+01   1.4436768625125620e+02   8.6757333272545210e+01   8.5895347687075922e+00   3.4747209197805716e+01   1.4379699589883201e+01   6.8609696043847450e+01   2.2788213801315131e+01   7.2709749712879148e+00
   1.8096034469027952e+01   3.0781637388629379e+00   3.0859126242342153e+01   1.3269731826151087e+02   1.4766457699457646e+02   3.8676568012521728e-01   1.7554950031473922e+01   1.4135673355262666e+01   7.6328814093459229e+01   2.6052092133619201e+01   6.9169202377597570e+00
   2.0269555120307096e+01   7.0791986100712290e+00   4.1095951700343868e+01   1.4250442062654588e+02   6.2371249738160571e+01   5.4811515619863220e+00   2.5669070160066930e+01   2.4488149382439822e+01   1.7001264926143523e+02   1.9384923685176240e+01   2.8586914340114280e+00
   1.8817915989886401e+01   4.3470580209971352e+00   4.6331281167604644e+01   1.4296886822253072e+02   9.6209908701094179e+01   4.6263410171882748e+00   2.1363621897266576e+01   1.2123316681671678e+01   1.1575612828390931e+02   2.8957733922463138e+01   4.3071832838511011e+00
   1.1938916793963845e+01   7.2904070808673529e+00   5.8347399193636541e+01   6.2449736612886291e+01   4.5830705350518002e+01   3.1826401162112661e+00   2.3455904551560682e+01   1.2732005311700222e+01   9.8533369187904540e+01   2.6438107991306488e+01   3.5650536304621676e+00
   1.6394644088972207e+01   3.6547025557367112e+00   2.9646962439885741e+01   1.3448713177070374e+02   1.1694142065212195e+02   5.3963856955654217e+00   2.9497454342067819e+01   8.0666703346472506e+00   1.1588879491553840e+02   2.0371970963607538e+01   5.4331998470085487e+00
   1.6487762174146035e+01   5.4442651841251877e+00   5.6408350567002145e+01   1.1195962143559385e+02   4.7786247931676286e+01   3.1108932275240093e+00   3.9463619541141306e+01   1.1959767037657510e+01   9.0830355741417748e+01   2.5420968789489606e+01   7.2497934656621776e+00
   1.4280584878548025e+01   4.2937416510785482e+00   5.1365700956830359e+01   8.8119811433767865e+01   8.3068012645296207e+01   6.2651605625928379e+00   2.1173934536225289e+01   1.4957217682580778e+01   8.9864494964731009e+01   3.0200019981933824e+01   5.2054510729085868e+00
   2.6942481296030941e+01   8.3777176714641466e-01   7.7630023365986204e+01   9.0496148956204266e+01   5.8286612358263227e+01   4.7526979799184721e+00   3.1172126787883638e+01   2.1188017445150361e+01   8.6575241096219202e+01   3.0259939603104183e+01   1.2357189510667277e+00
   1.2314959163159351e+01   2.6720262751730837e+00   4.5229520395391560e+01   1.6090732374899002e+02   9.2153130966718379e+01   1.4980583608556703e+00   1.4500375517443365e+01   1.5386926706482999e+01   8.0774916988299367e+01   2.8067704979406162e+01   7.3768281620475955e+00
   1.4556206020279605e+01   5.4849746322718893e+00   4.6887772428467208e+01   8.6355649610351236e+01   7.7156203564678009e+01   0.0000000000000000e+00   2.4149320987929670e+01   1.4294763902206990e+01   6.7254224759625856e+01   2.3120424863417753e+01   5.1072872421554294e+00
   1.3251254906143327e+01   4.3076862320916156e+00   2.5037938443053342e+01   7.1130106904231894e+01   7.5498452849454566e+01   4.0837485953394026e+00   3.1554021792596465e+01   1.6135990284226377e+01   9.7917793979170014e+01   1.9374914820026532e+01   4.2562577607877454e+00
   1.0608019509661352e+01   2.4310631700387981e+00   2.0530336564394645e+01   1.2287664136191853e+02   1.6515388557597711e+02   6.8107421131075858e+00   2.9987022706200214e+01   2.0671996160702921e+01   8.0057075468977544e+01   2.5071130366747163e+01   1.2299471782922227e+00
   1.6223643908037531e+01   3.2995741906307572e+00   5.6264863100718927e+01   1.8690756348373750e+02   5.7943551444007838e+01   4.9707223757819978e+00   1.5992379995653039e+01   9.4042490926924334e+00   1.5001491340047303e+02   2.0413768439256586e+01   5.7908422897646048e+00
   1.5755677240794277e+01   4.8446543573068954e+00   4.4464188761698665e+01   1.1613403444095205e+02   7.5411861970671538e+01   4.7286276033401498e+00   2.1034689401498746e+01   1.6654508601837176e+01   1.0816494481157834e+02   2.1318259277568359e+01   5.5538008245732646e+00
   2.6073058607946450e+01   2.6528207699109796e+00   6.0336867852050304e+01   1.2621396943138005e+02   1.5718405334555382e+02   5.9370187345330034e+00   3.1227942470423201e+01   1.0811729699113533e+01   1.3542765841754172e+02   2.9799138602242536e+01   5.7257688211680042e+00
   1.5898905289702913e+01   6.1243165387748597e+00   3.0910790931922335e+01   8.1774247996639446e+01   4.2467865032243004e+01   1.9672589195326817e+00   2.6819807240642874e+01   1.4077766204381838e+01   9.5143045099273195e+01   3.3322728466904245e+01   3.1174079025893993e+00
   1.1237072169926201e+01   3.2742943775660187e+00   8.9939172133506247e+01   1.7490925861735323e+02   9.3380748099142920e+01   7.3439943906096170e+00   3.2900016612653317e+01   1.1673770203365587e+01   9.7164875943151770e+01   2.7579344802369487e+01   3.7579752675782605e+00
   2.6492725401112004e+01   7.5953371762780861e+00   5.2297339459313960e+01   1.1967887388769319e+02   4.4571618602898575e+01   2.9201491322392767e+00   1.3597331348546358e+01   2.0752957984092056e+01   1.4364516295464114e+02   3.7413335586186619e+01   3.4152037428920350e+00
   2.4383787603364553e+01   2.4996223174474208e+00   7.1785455375105414e+01   1.3412126366119006e+02   1.0768811020418515e+02   4.6971818909215619e+00   3.1990427252016705e+01   1.8807079230640209e+01   1.5094045134460430e+02   1.3240460551378533e+01   8.3936558375541939e+00
   1.6009838624897199e+01   4.7558752923060821e+00   4.4939776391009133e+01   8.1281525193887120e+01   8.6627000498659584e+01   3.9316478587105665e+00   2.2727170542984844e+01   1.2377868082755615e+01   1.0113683268235343e+02   2.3712081623570359e+01   3.5918209260492509e+00
   8.7097065037444583e+00   1.7214159671008322e+00   4.6297245022954513e+01   1.4566986699491491e+02   9.6349992775953424e+01   4.9104217772966718e+00   3.4449617279059382e+01   1.8169798302329340e+01   1.5870952487769060e+02   2.4201927722813970e+01   4.7401785399409206e+00
   1.4780306710588587e+01   3.1280207248068308e+00   6.4262882933762072e+01   1.2909616159257743e+02   6.8463028964049329e+01   9.1602954803318926e-01   1.6242298040895218e+01   1.5241411213495008e+01   1.1649803020425153e+02   3.4452931576902422e+01   3.4634135073879344e+00
   1.6431224644706145e+01   3.3580123445991061e+00   6.1432917829634761e+01   7.4011264123911644e+01   8.4160622803289058e+01   7.5319361700502210e+00   2.4644088657199021e+01   2.0188859938799503e+01   1.1277910380776041e+02   2.6941313260508814e+01   6.7792614161022140e+00
   1.8901763414145869e+01   5.1124622155565902e+00   2.6114772212990047e+01   1.1663975821189825e+02   1.2092410115293778e+02   5.6662652659615649e+00   2.8780184813669024e+01   1.5357454920688561e+01   1.7603896957771286e+02   2.1373903253427578e+01   5.0797852762399716e+00
   1.5829486340047922e+01   6.0664275499465905e+00   1.7423576830737275e+01   9.9159051288121901e+01   8.6671900960533392e+00   8.4590305778125554e+00   3.5094794264876910e+01   2.0180980114021555e+01   1.5327005839883242e+02   2.7298546379516814e+01   5.2364362005299272e+00
   1.9858811590189084e+01   4.9345622591540046e+00   2.6586532334648133e+01   1.1911773039970370e+02   2.7892137013007769e+01   7.3274087629937270e+00   2.5883242450244822e+01   1.7703995826440504e+01   1.3146873283207620e+02   2.7893852468326493e+01   6.8320450902199443e+00
   1.9564139248239766e+01   3.7464090396957070e+00   1.9887394082529518e+01   1.0629073619293298e+02   8.9261148996288227e+01   4.6470457862526757e+00   8.9259207739424085e+00   1.4860448923788324e+01   1.1394924340058230e+02   2.4791251923035510e+01   6.3456321838612926e+00
   1.0170728822770904e+01   5.8430262289145167e+00   5.0976919762033823e+01   1.0845296726319722e+02   5.7203003324300049e+01   2.8339348240525162e+00   1.5197951037816473e+01   1.8041965871079150e+01   8.1316491673128269e+01   9.8787060804062303e+00   6.5495132039497950e+00
   1.1901887237203336e+01   5.8137411712980720e+00   4.1055424541511456e+01   7.8399368945755199e+01   6.7939213435027227e+01   1.3082246803809900e+00   2.1796130923059877e+01   1.3312822661653636e+01   9.5996990592035218e+01   3.0462184283220289e+01   1.1755130181802382e+00
   1.3084831413224158e+01   4.6165473088022759e+00   4.1966613495903644e+01   1.0369756856852425e+02   3.1977050318750294e+01   4.6575184006475174e+00   3.1725956042933319e+01   1.9712784203940210e+01   1.6320290089622767e+02   0.0000000000000000e+00   5.5073082917848524e+00
   1.4418942520052946e+01   5.4121855621188448e+00   2.1042394530489510e+01   1.4254989946211884e+02   4.9712481712432016e+01   5.0431869283168771e+00   2.8935929957670623e+01   1.3735107614563631e+01   2.9863909123201598e+01   2.4297774047457793e+01   6.8815173873610425e+00
   1.5489726735233798e+01   5.1326770629198757e+00   6.6149219656206242e+01   1.7742107764020508e+02   6.4709152396588479e+01   6.6200220400594745e+00   1.4167837073661488e+01   1.3394929492247012e+01   7.7896016524333788e+01   1.3091469240170067e+01   5.7467862390928639e+00
   1.7394314176732784e+01   2.6635055292143948e+00   5.8981197010495123e+01   7.3850166225615411e+01   5.5075375123290982e+01   2.8111723052666449e+00   3.1042098152933214e+01   1.5956829923370471e+01   9.3444083770892718e+01   2.1162905805795830e+01   6.7628131425668334e+00
   0.0000000000000000e+00   5.7443830831119831e+00   4.7833014248993592e+01   1.9997838059148035e+02   5.0861209003425735e+01   6.1412019091714178e+00   2.4963061125603307e+01   2.3134602707000205e+01   1.0513800796640477e+02   3.2995692867630098e+01   9.0079533657069319e+00
   1.4709469970027854e+01   3.2452028722065549e+00   7.1240658917414137e+01   1.6962809967022653e+02   6.4180003925066160e+01   4.7613972031387721e+00   3.2952957976537263e+01   1.6482086236399390e+01   3.8107655135626260e+01   2.0094352584611546e+01   7.4012972603909510e+00
   2.4428217797955416e+01   3.3391937097298543e+00   3.1304470399561474e+01   1.2123034951507336e+02   4.8579257082306178e+01   3.1493592909211103e+00   2.2742619478671998e+01   1.4642403869248270e+01   1.1834846721946215e+02   3.6495069166984926e+01   3.0343306641504117e+00
